0 1147 1142 894 1077
1 362
10 231
100 951 1253 1077 149 415 687 633 970 569 1130
1000 1396 980 1208 149 404 171 362
1005 325 1392
1007 316 1316
1008 1281
101 1147
1014 1231 1057 471 492 293 1201 980
1015 1305
1016 1129
1019 693 1365 755 1077 382 690 658
1021 826 544 163 1089 193 1290 1077 761 231 951 782 435 1201 973 1396 409
1023 1220 54 1208 951 970 915 1401 973 1188 1147 392 1077 755 163 1129 149 889 1316 35 826 1346 435
1025 693 173
1026 1231 1175 970 1129 1396 1049 658 435
1029 1161 231 1150 1129 151 880 693 1181 1089 980 834 56 730 614 1341 54 1175 577 1453 826 569 673 755 293 1379 362 811 1077 1023 876 357 1340 1371 866 1440 638 157 1231
103 149
1036 316 577 544
1039 152 35 1141 1440 1430 127 375 795 853 1192 362 876 228
1041 261 205 540 1274 638 1263 1082 834 54 157
1042 63
1044 1488 834 795 807 1286 1274 811 1231 127 1058 1461 205 436 486 1485 1207 54 216 853 906 1091 1340 157 485 692 368 763 588 705 207 970 261 1475 876 1118 638 1082 484 1268
1045 1239
1049 485 775 507 36 1207 1231 261 692 956 207 876 1077 1161 1044 346 834 96 970 1089 54
1050 1130 1077 658
1052 799 876 1201 197 155 1231 1082
1053 693
1054 471 709
1056 876 207 826 205 1147 658 1331 436 675 516 588 35 1044 795 96 157 127 1091 261 905
1057 737 569 1440 72 1453 1294 261 1341 471 404 316 880 866 1337 1077 1396 577 1231
1058 1355 1192 756 1461 1091 705 518 1274 1082 1239 1280 971 876 205 1466 478 157 1257 1044 795
1060 1130
1061 755
1062 1460 658 1440 544 324 1208 471
1063 569
1064 1231 1396 484 1161 1413 1077 755 1192
1066 567
1067 634 1440
1069 52 569 577 1475 409 1257 286 362 844 486 970 591 150 1141 638 228 293 507 984 318 231 876 35 1390
1073 876 70 638 228 1231 1077 415 485 363 383 157 1340 1253 207 540 36 970 1305
1074 876 956 1077 1091 261 1231 54 507 72 880 693 492 1201 569
1077 692 1257 1207 297 363 755 20 1161 174 1208 1023 1147 633 70 629 1184 569 35 457 1263 415 1365 544 701 622 1231 137 1430 1193 1112 876 737 866 1401 1337 293 770 1129 346 1294 471 1057 673 1049 1021 1290 36 761 1402 588 455 56 781 1316 514 1089 435 484 709 1285 1373 970 1172 963 164 583 1286 1413 632 844 1192 492 658 1331 385 739 577 693 951 826 1029 334 1346 597 778 231 1271 1440 1492 591 595
1078 368 633 1453 1402 1464 1316 757 1184 577 1419 810 569 834 675 1340 54 595 96 477 1023
1080 325
1082 831 1184 999 1274 71 368 1301 1340 307 764 1402 221 1355 1483 956 1052 1091 457 290 1257 1058 540 631 934 944 1337 31 761 96 1392 222 560 492 793 164 1044 516 569 971 1147 334 1041 673 1144 197 1422 876 205 587 1207 64 1461 1414 941 1239 701 826 150
1085 1286 1077 1147
1086 1253 457 970 755 385 1181 591 40 1161 1257 181 885 739 692 1313 1036 1163 895 935 1054 52 1475 35 336 1493 312 1440 782 693 470 383 507 346 1077 771 862 834 1413 95 811 1089 638 1334 163 1192 931 687 1316 286 1141 244 364 484 492 231 1280 1302 514 1203 1143 880 1111 844 778
1088 795 1077 632 312 1475 1207 197 844 1373 605 1280 577 346 1461 286 150 549 934 35 826 622 52 1181 1488 1184 1127 811 569 157 1340 575 853 56 1231 1049 362 834 404 999 127 357 1201 591 556 507 1163 1091 274 1143 72 1021 687 436 876 866 1355 705 207 244 730 1440 83 486 633 484 1118 1203 385 971 96 1044 261 638 1458 805 98 1341 540
1089 362 1331 693 1257 544 1175 163 56 1129 1493 492 1021 312 692 895 658 457 1207 193 761 956 239 1204 453 507 834 1077 334 844 561 771 171 346 1279 1390 622 755 687 805 1485 1290 1340 583 591 385 686 995 222 1365 1029 435 595 1453 569 1192 1201 577 1402 1049 876 286 970 1316 261 1161 1294 1023
109 435 171 755
1091 1440 205 799 1340 404 853 96 916 436 36 1286 1316 1488 261 392 1301 1091 1231 937 485 1192 866 207 1184 127 1239 1057 1082 880 1461 157 1274 516 1294 507 216
1093 1199
1097 325
1098 811 866 1494 951
11 164 1184 261 675 492 876
110 157 569 1493 638 632 1231 1089 1440 35 895 40 971 1294 1337 244 866 1129 577 127 931 357 415 164 95 781 1207 1077 383 1091 261 1239 1419 763 1082 795 471 56 1494 876 404 1208 36 324 1201 673
1101 971 1089 261 577 157 216 693 834 1192 1475 1091 569 638 286 141 56 1231 1044 1077 228 507 687 876
1103 645 484 492 1302 71 658 816 514 1058 1141 1029 1316 876 673 307 56 810 793 1337 1052 150 569 826 231 1089 518 409 1129 157 739 1274
1105 1130
111 1077
1111 492 569 316 782 54
1112 297 632 737 1453 72 1464 880 222 1057 404 971 54 157 1231 1305 633 1077 499
1113 1341 471 54 577 795 1201 1231 507 999 834 880 1077 1440 35 286 895 1147 415 805 244 72 261 1493 484 157 876 1413 693 1192 569 404 866 1337
1115 805 486 705 1413 205 157 1231 1161 1082 164 163 1089 1455 1041 1461 286 1044 56 995 492 1493 853 1488 1396 834 1207 692 1058 54 876 906 35 1184 956 569 810 1257 470 825 261 577 207 127 1208 368 274 409 1129 675 999
1118 1044 876 973 1184 1268 638 918 261
112 905 577
1121 876 540 866 1239
1124 956 569 1161 492 876 1231 605 771 693 970 1294 895 1089 1493 577 157 1077 507 72 1175 880 658 1057 1440 561 638 346 866 825 1253 1172 1239 261
1127 436 577 638 1268 435 844 157 853 1475 150 1175 52
1129 1346 1129 1377 1023 1414 1286 1077 324 1340 157 973 1201 673 484 1172 149 435 970 519 1402 1440 980 569 193 597 588 951 755 415 876 35 633 709 96 325 1290 383 143 174 605 1407
1130 331 908 172 823 1161 20 274 1060 484 858 193 905 1349 86 1157 31 782 334 756 435 197 128 793 70 1050 597 980 92 420 157 1359 96 826 149 163 293 601 915 755 30 71 357 770 449 1436 1340 340 944 951 962 583 810 508 1257 595 1282
1131 382
1133 229
1137 876
1139 934 492 54 1337 56 368 1253 26 1440 569 595 781 1453 895 1231 228 307 261 1461 231 286 137 737 577 357 404 567 157 207 756 518 1446 164 1488 507 1494 1082 1239 35
1141 879 1257 244 781 874 21 729 95 1432 834 424 1151 249 1039 838 1494 415 72 509 1407 632 1201 212 70 1390 383 916 1231 228 1413 949 816 1373 357 1197 477 353 541 257 605 963 1129 128 247 577 1066 35 443 1243 1077 26 815 40 293 83 1253 149 385 229 151 667 920 1305 1069 690 1385 492
1143 876 244 1231 157 261 931 1440 58 1493 834 895 484 709 312 507 781 771 885 1305 577 678
1144 1239 1082 261 157 334 1274 290 1488 164 795 1355 876 764 1461 705 826 866 507
1147 970 588 1346 1082 1077 693 1396 658 1023 0 1188 755 1175 1286 1147 631 1402 1186 157
1148 1239
115 621 693 1440 895 880 98 1313 815
1150 144 1440 577 954 684 56 569 380 1029 1480 471 385 634 917 1077 362 899 997 1488 54 492 382 1485 895 1446 729 1231 1201
1151 1057 222 1340 816 139 1141 98 1407 1305 415 1091 834 1466 860 880 971 567
1154 1231 1077 1184 1192 1201 876
1157 1161 1130 908 149
1159 40 781
1160 484
1161 826 544 1184 770 1130 96 739 149 420 35 908 1285 591 484 686 876 56 915 687 956 1089 583 1029 163 207 853 825 98 435 274 1049 457 193 1365 708 951 1446 756 561 1077 1313 197 362 346 795 519 286 31 569 1207 658 905 461 70 577 970 1263 1440 508 1257 1294 92 409 692 77 1231
1163 484 895 1493 58 157 956 1294 622 805 507 1192 286 876 261 692 1440
1165 98 1440 383
1172 1175 157 1129 583 658 1340 778 164 970 1077
1175 970 826 588 770 157 54 422 629 175 1147 583 692 755 795 658 686 1271 436 1026
1181 507 866 638 805 876 56 577 834 492 1440 569 486 346 1231 823 471
1182 1077 1044 876
1184 35 1147 569 970 207 163 54 956 56 1077 638 1207 290 1331 1082 1402 1161 764 1231 1192 805
1186 1346 973 1147 330 1129 435
1188 1188 756 1346 1147 770 1494 516 587 1263 307 340 970 1402 357 1023
1189 658 588 325 970 918 1340 164 1077 1175 757 1147 363
1191 951 658
1192 1440 157 693 687 755 1231 1077 261 995 805 577 207 1373 56 1163 1316 1294 1340 1091 876 895 507 834 771 880 484 1201 35 956 781 1413
1193 293 1077 866 1057
1194 1147
1195 1044 157 853 834
1199 1175 1199 1093
1201 692 35 956 1257 805 1021 1373 1231 1129 658 569 1192 1340 157 583 56 54 577
1203 844 157 404 1453 58 885 312 1253 577 244 771 866 876
1204 1077 915 1089
1206 632 638 324
1207 54 995 705 826 507 96 1077 638 35 1044 1161 834 1089 207 569 1461 1340 876 1446 1231 436 486 971 687 577 157 1365 1346 261 1493 1274 127 1286 1331 70 1082 1239
1208 1279 1440 362 1201 334 70 826 1365 1290 1302 567 1340 755 1026 1402 1023 35 1231 693 915 556 171 231 834 632 484 1062 1316 92 1407 492 730 340 222 1057 338 1346 409 435 1363 1077 193 274 905 1161 324 1000 782 970 1147 577
121 658
1211 98 1337
1213 633 492 577 70 1057 383 866 567 895 963 632 1143 1231 1340
1215 826 1377
122 736
1220 1023 35
1221 56 193 471 569 826
1224 678 771 157 1192 484 261 605 1184 1203 1340 1257 622 880 1253 1057 773 916 286 507 693 1231 1440 795 54
1227 771 150 415 507 157 1231 1201 1305 261 805 382 1161 862 56 880 54 970 956 591 1163
1228 1184 799 826 970
1231 286 866 492 163 577 569 757 78 96 1485 1144 334 362 56 1077 804 970 207 1493 1414 895 673 1440 799 971 1494 1453 1461 1184 1207 149 1488 693 1257 816 1181 1239 164 193 587 1346 756 826 999 1337 290 1091 556 1419 834 1201 507 795 1340 1446 956 383 1192 1044 70 764 1161 55
1235 131 916
1239 540 1045 1144 970 673 318 764 71 934 583 1058 1340 1402 556 64 1239 971 1082 826 1286 1461 1091 1263 96 290 999 1207 1231 866 876
1241 678
1243 339
1246 1044 508 1041 1274 744 1192 70 1458 1257 368 207 155 569 810 216 540 1304 1392 638 1461 971 1414 1091 1058 383 205 1446 527 1485 853 795 150 757 157 834 1207 127
1247 826 1077
1249 770
125 1001 826
1250 216 150 1192 436 876 577 157 492 999 1493 1316 1488 970 471 286 1485 569 834 638 692 658 693 486 1453 1257 687 795 1044 1207 1184 207 318 56 1161 205 1475 127 485
1252 826
1253 880 1163 805 771 1440 484 1143 507 1385 895 1493 261 1305 622 876 1453 346 54 916 1231 471 286 157 569 58
1257 805 1274 1475 56 693 396 591 1091 970 357 96 569 956 1453 1464 181 1130 362 971 876 222 137 1294 1041 54 1446 492 895 157 1485 1089 455 692 705 1341 638 1161 844 1077 675 409 1231 1201 1069 577 1488 486 1175 834 1148 1044 507 1082 1402
1262 507 577 286 763 834 519
1263 1239 569 1041 1419 70 193 149 1161 340 826 963 1346 908 756 357 1461 540 673 1144 770 163 334 905 71 1188 944 583 1077 577 516 197 1392 179 876 1231
1264 248
1265 1129 658
1268 507 486 1127 1172 1485 811 157 1446 638 286 1340 905 577
127 368 569 205 216 540 35 1419 853 1304 1039 1207 527 1044 596 1091 507 1461 638 1284 1274 141
1270 499 880 181 1341 971 1440 265 297 151 1112 1057 805 778 577 1052 632 730 693 1201 1413 569 357 72 1181 519 737 1253 471 222 215 1091 150 1294 595 404 567 866 1231 20 362 137 336
1271 1077 658 56 970 346 54 693 507 1175 544
1274 54 795 216 866 1082 1488 507 569 1041 1461 638 1058 207 834 1091 141 516 971 261 357 1044 205 1355 1446 492 876 999 705 409 55 1257 1207 807 692 163 127 540 826 518 368 1414 1483 157 1144
1279 362 131 793 916 35 334 995
128 673 1130 1371
1280 507 157 577 687 876 286 916 1058 52 1493 638 561 1201 1231
1281 633 577 876 1129 1201 880
1282 1379 70 149 725 1130
1284 207 1153 228 1231 1161 569 383 368 1112 1192 127 1129
1285 1129 1077 577 853 54 35 1161 1231 876
1286 941 1023 1340 1239 1129 1044 693 583 1077 1085 973 1091 435 1147 970 1286 35 1175 36
1289 1077 129 1493 1184 1365 956 1257 1341 876 826 595
129 1453 544 382 149 1161 1373 464 1151 26 1231 755 1289 1129 1282
1290 755 658 1021 362 1373 163 35 1129 1077 544 1089 693 970 583
1291 1150
1292 35 588 834 866 1161 1077 157 770 1175 1192 1440 1392 1147 507 658 583 1413 730 1430 895
1294 514 737 222 577 773 8 56 771 336 954 692 605 1413 151 1270 914 455 693 834 638 58 1091 181 567 778 1302 895 1089 1077 1316 484 1161 1057 1192 1163 862 880 231 636 1257 544 477 632 312 507 346 499 709
1295 510
1298 1231 404 181 1440 336 730 1270 632 265 72 471 693 1057 778 880 1413 297 1253 866 1294 709 392 1112
1299 464
1301 1461 756 157 866 1082 826
1302 362 1396 486 567 157 507 795 1091 56 1337 35 1192 244 1231 687 1077 577 951 905 1175 1184 1208 1407 826 1493 149 164 392 1494 54 805 969 956 1446 583 286 1475 1341 1161 970 569 368 1181 757 971 834 963 638 1302 995 492 52 1262 591 633 1440 1147 1257 1207 404 307 385 174 1129 72 763 1464 1453 1023 1057 222 1251 973 770 1294 163 853 231 544 693 346 340 1286 261 658 876 692 1340 624 686 595
1303 1077 1365 1432 1231 222 755 56 435 577 1207 730
1304 692 436 368 205 876 157 127 853
1305 632 1231 261 880 771 507 1143 577 709 678 895 1385 1015 866 471 569 1253 157 876 567
131 382 157 1378 916 231 131
1313 1129 261 1493 876 1231 1023 658 302 1161 54 755 1234 1077 693
1316 970 157 1231 35 634 56 1413 956 1337 54 244 1077 577 1294 1494 1257 404 633 1023 781 595 164 1163 1192 876 866 569 1201 895 435 261 1453 1373
1322 660 826
1324 888 583 1401 799 1147 196 1100
1326 415 286 507
1327 1077 583
1328 973 755
1331 970 693 1346 1175 1077 588 755 1089 583 492 1023 1207 1340 157 496 1184 36 1365 435 658
1333 782
1334 1129 1143 782
1335 577
1336 207 876 492
1337 866 1257 54 1077 415 1316 693 569 781 577 1239 492 1082 1440 383 404 633 686 1231 1413 231 519 334 675 164 725 1057
1338 658
1339 375 795 436 853
134 956 1192 157 1041 795 1257 163 569 1440 70 492 834 692 799 216 164 577 1175 675 805 404 127 207 811 1268 876 56 970 96 1184 368 1044 853 1077 261 383 1231 436 1340 54 906 486 971 197
1340 583 334 1419 216 804 799 1091 1130 157 1401 1192 757 164 1331 31 96 121 200 1044 56 1082 1129 826 207 261 1239 971 770 1458 853 54 970 1231 692 35 1184 1144 492 795 693 675 587
1341 1464 404 895 507 866
1344 569
1346 197 1316 157 163 1231 4 484 1147 1207 362 435 970 934 1077 692 1186 755 1057 1402 1331 1129 799 1365 1401 1184 35 1208 1201 1023 30 569
1349 826 1130
1350 1077
1351 895 876 471 811 157 605 1305 999 577
1352 157
1354 673
1355 999 1041 1144 934 507 1184 1192 1058 1274 157 1239 518 1461 1082 1488 834 96 876 795 577 705 150 1494
1358 35 540 1082 31 1270 157 346 207 1058 1130 853 880 944 1440 1188 795 164 755 1373 1175 205 1192 687 507 686 756 96 261 1340 1231 1475 588 1494 70 1305 1077 216 605 970 1396 357 915 1286 916 799 866 56 956 973 1274 383 1239 325 1184 918 1203 1207 1446 72 1091 197 150 577 561 286 638 1488 1041 675 963 1263 1493 658 826 876 705 757 1069 368 1331 556 1257 486 1201 127 54 297 1461 693 435 409 1044 678 1023 834 1129 484 709 163 1279 569 181 516 1294 631 971 1466 692 730 436 492 591
1359 1130
1361 1282 35
1362 1340
1364 71 1023 915 54 1239 540 866 1340 516 409 1201 1419 4 31 1401 971 1188 810 536 556 96 1181 583 1154 876 673 963 1274 1279 705 999 193 290
1365 1377 362 1340 1303 693 577 970 435 658 35 1402 1161 1331 519 1077 231 755 1290 1207 1440 569
1367 916
137 404 895 70 1077 492 222 54 1453 1257
1371 1440 816 876 963 805
1372 357 56 1141
1373 916 1279 1077 72 544 1192 1440 1208 826 35 692 382 805 1373
1374 763 1488
1375 35
1377 435 1147 1077 658 1365 973 1129 826
1378 916 131
1379 96 633 686 509 316 54 70 1282 1340 149 577 1192 1023
1385 876 862 771 569 1231 1253 1305 632 72 1112 880
139 971 1407 1266 76 709 1143 795 415 412 631
1390 1440 404 229 1069
1392 645 540 64 1263 1082 831 357 1239 1446 658 944 1005 915 1414 36 71 583 1461 677 325 705
1396 1021 30 1401 951 966 1402
1401 1396 435 970 1346 658 1340 1077
1402 577 290 1485 1023 673 804 970 1239 163 88 1089 207 1396 1175 693 1188 54 1184 92 516 435 876 96 1401 1129 730 866 556 1082 1346 1147 1208 588 770 951 1231 56 631 457 1077 973 761 261
1405 26 1130 149
1407 1208 632 139 1201 1057 83 1151 1371 56 353 816 951 1129 385
141 78 216 1274 96 127 157
1412 830
1413 72 58 675 880 693 995 261 834 471 569 1294 1192 1494 231 1077 866 507 1337 1231 805 157 1440 876 244 35 781 492
1414 205 1184 1274 1392 1340 1091 1231 756 1129 216 1082
1415 870
1416 605 1015 876 567 157
1417 362 171 492
1419 383 692 54 35 231 970 127 1091 1044 1414 197 205 1286 72 708 56 36 1263 693 261 1037 507 1461 164 71 486 1340 1192 357 471 999 1485 1041 701 799 436 963 1201 556 163 638 1231 834 1257 1475 971 658 1077
1422 290 1188 507 1082 1184 956 1279 971 587 157 876 492 1231 764 866
1425 1396 577
1426 658 693 54 826 244 1077 755 577
1429 149
143 362 1129 324 1453
1430 658 1077
1432 737 382 286 1141 1303 632
1436 1130
1438 876 1077 53 1147 973
144 711 658 1077 514 632 755 1064 835 1150 693
1440 1129 1365 96 970 895 56 876 755 1091 1057 1192 544 1231 1181 492 866 556 1373 1413 956 984 516 569 1161 880 973 658 693 346 1077 805
1441 826 1340
1443 1082 971 1091 290 55 876 207 1461 853 1455 1414 1458 866 1231 150 4 1184 216 1201 1144 205 577 1301 673 231 937 995 98 1340 436 862 409 1373 157 1274 507 363 591 383 200
1445 687 431 876
1446 577 1286 1231 64 96 1184 1488 216 876 1192 1402 1257 1175 368 795 157 516 1161 540 826 971 409 205
1447 1161
1449 692 687
1453 1141 638 1057 1029 729 1257 492 806 507 1316 633 1302 1231 1203 404 231 880 1089 338 129 143 1253 895 137 274 312 632 1112
1455 164 507 866
1458 1475 56 96 569 216 853 205 876 157
1459 1280 755
146 1305 157 876 880 1253 1385 866 261 1163 1112
1460 157
1461 1392 1058 205 1466 1231 409 157 127 807 1494 1044 507 1274 1355 876 118 705 1207 638 1239 1488 795 963 368 1263 1082 216 1144 1419 207 971 708 492
1464 1280 54 157 507 492 876 52 261 1493 638 675 56
1465 261 755 1129 687 1077
1466 807 1058 1488 549 971
1469 693 1277 782
1470 826
1472 853 56
1475 1280 507 638 876 1069 486 1127 346 687 591 577 286 216 261 157 853 825 692
1477 56 1206 1129 1402 72 583 876 484 35 131 330 1390
1480 1385 1150
1483 1488 866 757 737 764 71 409 157 54 516 492 826 569 1301 64 1201 1082 96 705 916 507
1484 484 325 35 1286
1485 486 1402 569 157 1340 577 1257 876 1268 507 692 1044 638 56 1231
1488 1150 1091 956 1446 205 1144 1257 518 157 807 934 569 1355 1231 71 1483 507 1044 705 156 793 1466 64 334 1461 876 1494 1274 409
149 755 1396 1130 1161 1023 293 1129 54 1231
1490 325 834 876 1184 1044 1257
1492 658 693 951 1129 544 1077 755
1493 687 492 436 692 825 228 853 876 1089 569 261 346 312 956 157 1280 658 484 577 54 1464 1231 834
1494 1316 1239 1058 934 1461 1488 708 1188 795 516 705
150 1082 507 876 795 638 916 157 577 1201 1069 1091 286 692
151 1231 632 1029 1413 876 1385 336 297 1440 54 1294 1270 72
152 449 157 338
155 1052
156 1239 984 1192 1147 1494 1044 1488 261 1058
157 1044 31 363 1129 409 693 675 705 286 1207 692 1147 163 35 205 368 1041 507 834 1192 150 1144 638 853 795 866 971 1091 518 577 1130 1461 216 1257 207 261 1488 54 622 1401 1274
160 757
162 362
163 1130 171 1290 658 1184 35 905 1023 1192 1161 1346 436 92 157 54 1026 362 1089 261 1021 1231 544 1263 826 876
164 755 1231 261 477 1316 591 1082 72 383 26 1461 673 956 1494 1077 970 362 1290 918 40 1175 1337 701
166 1147 658 577 1023
169 544 1161
171 514
172 1130
174 1003 316 1129 1077 1396
175 1175 1286
178 956 577 484
179 77
18 18 1231 469
181 866 876 1257 687 54 1077 569 1294 261 1175 56 730 1129 1440 1464 72 658 244 632 346 471 805 577 297
186 634 866 58 880 693 151 72 35 1262 1440 1091 1259 605 1371 1112 1341 1413 737 577 1316 507 1231 895 1305 261 1203 709 471 675 876 477
188 866 1184 1044 1340 1091 1274 876 1396 164 799 905 362 35 1461 577 1192
19 1488 876 705
192 1493 956 36
193 197 1089 886 756 764 429 970 56 876 31 1188 1021 1129 485 826 1161 583 905 1231 54 770 340 1208 207 268 519 1130 149 457 1263 1147 908 516
197 1044 1340 1263 357 163 1231 1346 1188 241 725 1161 826 583 78 908 193 149 207 516 1082 96 756 1130 340
199 1407 755
20 1129 316 149 895 1130 1077 561
201 207 436
205 622 1041 1304 999 937 807 96 1082 811 638 1274 507 409 436 261 1336 1414 216 1058 705 1458 55 357 207 1446 1091 157 516 1044 795 127 834 1488
206 1181 1440 980 171
207 971 1044 216 1274 1192 77 673 1184 157 197 201 826 205 1402 1414 1161 1231 638 1049 231 1091 471 261 96 1207 1340 756 70 834 577 905 1284 876 569 853 540 363 193 1461 1336
21 1057 577 569
211 197
212 1141
213 1294 866 805 895 244 471 54 577 484 1192 261 404 157
215 1257 1150 577 1201 1413
216 507 1414 127 207 1446 795 368 1340 937 569 1475 622 1461 638 205 516 540 1044 96 1091 141 157 577
217 316 1023 1147 435 757
221 1184 290 1082
222 362 795 569 1089 1440 595 492 56 1294 577 1082 1201
225 778 1294 799 1440 874 730 693 1141 876 1231 1066 1208 261
228 1175 687 638 56 1231 164 507 1365 492 1069 956 1493 1340 222 876 577 591 1464
229 823 415 1133 324 1390 1141
23 215
230 826 1161
231 1316 755 567 35 1464 1077 54 207 149 286 362 1282 673 330 519 316 577 826 1365 693 392 1147 404 1493 1231 1066 1461 971 157 261 1440 293 634 569 1294 1257 1396 1340 1337 870 1453 415 507 1044 805 1413 771 658 1150 675 1069 876 595 709 633 853 1341 1166 471 816 1201 244 484 40 56 1021 1057 995 781 895 492
234 181 866 1396 1181 569 831 577 1294 54 956 1341 297 795 1163 261 151 880 470 1253 56 737 1413 876 1175 799 98 1371 1077 286 905 805 265 72 730 1057 471 1201 362 334 35 144 632 1231 693 1192 687 1112 673 1440 484 1493 678
237 1286 970 569 1263 595 631 755 918 1331 164 1175 1129 197 1130 577 583 795 831 368 485 1077 804 855 673 1091 1446 693 435 1147 1340 71 1257 325 53 1188 1440 799 658 307 1069 588 1184 944
238 157 795 35 435 631 826 205 1352 70 755 1184 222 1089 970 1231 1175 1355 805 763 1044 1091 1069 286 956 1268 56 876 692 1316 231 1207 1082 399 325 1201 96 905 638 150 591 1077 261 54 569 995
239 956 261 1181 1365 577 507 157
24 577
241 1161
243 1161 1464 1130 362 876 149 1282 895 658 382 725 293 164
244 244 805 880 876 692 763 771 895 492
245 157 876
246 244
247 1181 1057
248 286 1493
25 569 1239 507
253 1231
257 163 1023
258 149
26 1262 286 1464 157 404 1274 362 164 1305
261 876 54 971 436 157 1207 805 485 507 207 1493 163 72 1091 834 1044 995 692
265 181 881 261 866
266 1044
268 163 193
272 1129 556 309 658 1309 83 1175 31 382 325 816 1485 690 1193 755 956
274 1365 971 705 1130 876 1239 507 492 261 1129 1231 1161 1453 866 858 956
275 1129
276 472 1147
279 35
282 1282
283 577
285 755 737
286 638 895 1231 58 1440 404 755 1493 1432 1069 346 825 1161 507 52 1385 916 486 150 844 826 876 771 157 1201 805 632 261 687 692 1475 853 410 591 577 834 484
288 876 755 730 1402 222 756 658 1154 934 1184 1091 1290 1419 157 871 35 916 705 630 1161 1365 1239 492 1367 692 585 457 1077 334 71 1346
289 1008
29 538
290 1184 1231 971 54 1082 1091 157 96 1239 1402 261 1192 866 915 1144 793
291 131 1378 916
292 1184
293 362 725 951 1077 1069 1130 755 1440 1282 231 1316 149 1494 464
294 228
297 709 1077 931 1270 95 1112 151 499 484 632 181 693 336
298 956 507 453 362 755 826 1077 805 1485 693 876
3 3
30 962 658 1077 516 973 1091 1346 362 1161 96 70 1231 838 1396 1184 877 1129 1147 951 1130 1047 755
301 956 1493 876
302 1313
303 507 246 174 577 586
305 692
307 325 324 56 54 633 1082 1147 1188
309 68 755 316 1029
31 157 1129 1247 1188 866 1161 1487 905 1359 1340 799 392 876 435 419 970 363 826 1044 764 526 1192 583 928 1446 149 1461 756 1130 163 1157 197 54 658 321 951 1401 1233 956 908 340 334 492 528 1201 1082 261
310 1147 1077 54 1129 31
311 1402
312 58 1143 862 1493 507 687 1305 1231 577 771 1201 895 1453 823 692 876 56 157 1294 1262 880 1440 1163 811
313 1129
314 876 157 1044
315 315
316 54 1077
318 638 844 157 918 507 1069 687
32 577 692 876 1207 507 1493 261 157 486 1464 638 1231 687 963 844
324 1129 307 1062 1206 1208 860 931 983 539 1052 143 346
325 770 658 970 876 583 588 629 64 1340 855 36 1077 1129 693 1484 1175 1147 1331 1392
33 1485 880 866 481 519 261 504 782
330 799 1077 362 673 519
331 1130
334 1488 1401 1041 362 693 149 56 577 1082 96 944 1089 1340 1278 1144 1201 1130 1379 658 956 973 1337 205 1023 970 1077 261 556 1279 915 35 1239 1373 516 1231 1263 157 951
336 1112 181 1057 297 357 1253 499 72 1305 632 569 1231 866 1413 151 673 1294 1270 880 678
338 519 1453 973 1208 244 895 152 174 1270 805
339 1243 383
340 1130 1365 31 905 1161 908 792 35 756 583 340 666 1201 1208 193 197 577 826 508
346 876 577 1440 35 56 895 771 261 692 1231 507 1077 1161 1049 1089 492 956 157 805 324 1201 782 1493 970 1294 880 687
349 876 577 492 1129 1184
35 127 157 834 1069 1419 984 507 1279 1161 484 693 72 1340 436 346 876 261 1077 1373
350 36 876 1044 485 1346 516
351 1029 816
353 415 404 880
357 692 693 1257 876 197 763 98 658 1130 1263 1041 916 157 1192 509 1392 1091 1188 357 1340 1184 971 1274 970 1037 70
359 1331
36 1419 540 516 583 963 325 770 485 1331 1231 192 1392 1286 1091 1188 368 1077
362 1201 1365 32 1231 853 1290 1257 692 54 346 658 876 1069 35 569 730 164 56 435 1161 693 916
363 764 970 853 963 207 1239
364 1365 799 577 1290 544 1257 1201 905 35 1161 1023 755 1160 963
365 1161 149
368 1082 569 35 1274 54 970 485 1485 1446 810 492 127 805 876 261 638 826 216 1263 507 1044 477 595 1302 757 96 36 157
370 826
375 795 1339
377 692
379 980
38 484 853 834 485 1341 127 693 1231 1127 876 157 692 507 286 1044 261 1192 56 1355 1257 1413 577
380 1141 1201 1150 164 778
382 484 658 693 1432
383 956 1231 1129 1440 486 471 692 1184 54 261 1337 1207 895 157 56 638 516 164 876 35 569
384 632 297 1181 181 866 261 274 1337 157 1440 164 678 1077 577 1494 336
385 1201 1077 98 157 1231 383 577 1440 963 880 56 876 1316 1150 956
388 129
39 701
391 686 1396 577 139 261 895 1257 507 730 1015 1181 383 1077
394 231
4 1346
40 1494 261 632 54 404 605 781 1231 895 1057 164 286 1440
403 164
404 261 876 507 1091 1341 1453 1494
407 368 638 1082 1184 876 1192 692 826 1464 150 1453 1305 1207 54 261 1488 1485 1041 1493 1257 205 157 507 995 1044 163 35 834 1461
409 1041 1192 205 705 659 1494 1483 701 1207 549 583 1208 876 1418 1367 999 971 1239 1461 1021 71 157 1069 1446 1201 795 1488 1257 164 1394 1058 734 1274 1161 150
410 286
411 876 1077
415 1337 1151 1129 1077 931 139 633 1326 353 709 229 471 484 1141 231
419 31
420 149 658 970 1161 193 1130 855
422 658 1175 1340 629 1147
427 866 1263
428 435 1390 630 1029 152 569 673 1270 963 595 290 96 1413 231
429 193 163 905 1077 507 826
43 999 1407
435 1231 157 1401 1077 1286 1147 1303 826 770 973 755 1130 1129 719 1021 588 761 35 693 1365 1331 1465 658 1193 217 970 1316 1340 1161 951 1089 362 692 1402 583 1208 171 1023 1346 889 757
436 205 78 1304 261 1044 844 905 1091 853 163 485 1127 971 962 507 811 1207 757 35 1419 527 201 638 1493 1339 1175 944
443 1141
448 830 349 1142 755 1299
449 638 1268 152 1130 908
45 392
453 298 1089 1052 35
455 1294 1077 1257 638
457 673 770 1231 577 1082 35 876 826 1402 866 1365 56 693 755 1077 1147 1161 346 825
460 1023
461 1161 577 157 152 834 261 56 876
462 569
464 129 1249 826 770 905 1299
466 781 876
467 835
470 1231 1207 956 1493 876 577 1340 805 492 157 318 54
471 1440 484 54 638 1077 231 392 895 876 569 157 866 834 1231 1192 415 1413 1181 492 1201 595 1494 70 709 507 693 261 577 207 795 486
473 632 1077 567 339 471 181 1440 1305 1130
474 631 157 1127 692 507 638
477 1494 876 1294 860 56 54 164 368 763 686 492 477 709 383 569 825 1337 1493 362 631 577 40 157
478 705 1044 1274 971 876 357 1058 1466 1239 1355 507 540 205
480 1282 1130 1147 382 973 1379 826 1346 1077 1402 1023 1021 435 970 1396 149 1161 951 658 56
481 729 1305 577
483 164 577 1091 357 876 956 157 756 197 805 1274 795 638 866 971 207 1082 507 35 261 622 1286
484 297 382 157 755 577 866 690 569 544 575 1413 805 605 1231 1057 1077 261 507 1175 492 286 1440 1294 1161 1129 876 1253 1337 35 963 72 415 895 1023 56 956 1396 316 1130 244 471 54 860 771 362 781 1305 1192 709 1493 1208 984 1143 1163
485 78 368 1091 876 638 1049 805 96 692 795 834 1201 540 1231 799 11 1257 701 350 1044 486 1340 1286 569 436 937 193 36 1475 905 261 1446
486 157 638 834 286 811 507 692 1257 675 687 876 935 1175 577 261 1069 1207 844
488 971
489 1130 149 98 895
49 137 763 1440
491 781 1091 261 297 197 577 392 1057 1294 207 569 404 984 1201 1077 1231 1337 633
492 577 54 1453 1340 826 1201 507 164 35 876 1192 470 880 1493 157 764 687 244 1336 1181 693 96 805 56 368 346 755 1077 1231 569 1483 1331 675 956 1082 261
493 540
494 631
495 362 1373 1257 1453 633 484 1341 1150 35 1461 805 1316 222 492 137 1464 54 569 1231 1340 72 1077 577 286
496 1396 816 1023 1129 1365 1331 693
499 336 362 404 1112 773 1057 72 880 577 157 730 297 709 1294 632 876
501 1407 312 1129
504 316
507 1089 1049 895 56 844 687 866 693 58 52 1341 518 1493 1485 54 771 540 1143 1294 1175 216 492 834 1192 1044 1274 484 567 1488 312 805 705 261 436 205 150 906 1257 1181 853 1231 409 1305 638 825 368 318 1453 692 956 971 35 1127 1355 1280 1464 569 286 486 633 984 935 127 1475 1461 157 1069 1041 346 876
508 1231 544 340 286 687 149 908 1130 1161
510 1295
513 171 257 435 1175 816 973 1402 1023 217 1346 193 1147 1440 1220 1401 1316 457 755 1257 1188 693 770 197 1077 805 658
514 435 1316 144 35 880 54 1049 862 1077 1019 755 951 382 346 1413 484 658 1396 1161 1294 171 693
515 1077 484
516 1402 1494 934 708 383 799 205 701 831 795 193 555 1440 96 1263 36 970 937 1188 1082 1446 216 756 876 197 54 1091
518 64 1488 157 1044 705 1058 934
519 231 935 1331 693 1231 1184 362 470 193 1147 1340 1365 1161 970 54 577 1175 633 1337 1129 1077 770 755 0 1262 895
52 638 1207 876 692 1127 1069 157 1340 577 1280 1485 261 916 1257 935 1464 1402 507 693 1493 286 591 1365 687 54 844
521 1147
527 404 507 157 876 638 1475 436 127
529 1077 1184 163 435 711
53 36 588 1129 1077 970 583 1438 658 1286 1331 1175 35 1340
533 368
535 1494 1331 1175 382 770 1023 1341 911 54 1464 1069 956 325 895 658 755 693 622 880 436 1453 583 157
538 1077 29 658 1331 1231
539 324
54 1150 607 858 151 477 88 956 1175 633 569 492 844 71 231 782 556 1112 362 519 739 880 1483 484 157 31 1044 96 368 1337 1464 193 307 1340 470 1111 163 1253 895 778 1201 687 1302 810 876 73 1274 1207 1493 866 383 540 1285 1049 795 1257 471 290 1271 1379 1184 1313 261 1419 953 1402 514 588 40 1041 149 137 826 736 316 755 52 1023 1029 659 507 973 516 181 1316
540 96 1263 1274 1446 127 876 363 357 853 1041 1082 216 638 157 507 516 1239 54 485 261 549 1475 207 36 1044 1392 569
541 556 325 1188
544 770 577 1192 805 956 129 1077 1294 1373 826 1163 1290 692 1492 1440 782 693 1161 1021 484 1089 973 286 163 1231
546 35
549 853 876 1466 540
55 1231 205 1274
551 709 999
555 1147 1077 516
556 956 96 1402 484 739 1091 54 588 1440 1231 1286 1208 334 1184 1239 764
557 1337 471 595 477 1302 876 795 1231 569 30 231
559 1257
56 56 1192 687 346 1440 1294 362 1089 231 492 1231 591 956 638 569 1077 507 634 693 1485 484 834 1181 1161 477 692 461 895 816 826 228 658 1201 795
560 1340 1082 1147
561 1280 1089 20 1161
563 222 951
567 834 471 876 1294 1413 895
568 583 73 96 588 799 1077 1188 197 770 1082 492 325 764 540 826 970 804 54 1023 127 795 192 1340 516 1263 368 1446 757 53
569 70 56 1077 1475 540 876 1274 205 1207 207 35 708 693 687 658 1365 54 1340 1175 1044 1464 1231 1192 96 471 1029 764 1161 1458 755 804 88 1331 1089 1316 970 1488 825 492 795 1069 1286 470 1337 1413 1483 638 261 675 1257 1446 895 346 853 163 805 577 1129 826 1201 368 362 127 1263 956 1181 1440 507 157 692 757 222 1461 1184 886 1485 591 1082 1493 1188 588 383 486 216
57 984 276 577 970 492 693 569 415 880 757 1161 805 222 675 876 1262 157 244 56 507 1453 346 54 1089 35 1440 795
575 484
577 1207 1089 763 687 1464 825 1057 544 150 1127 1069 931 283 157 692 286 693 461 622 971 1305 1184 1485 1475 569 1192 1280 1446 471 834 312 216 346 1336 1231 1493 481 484 222 999 52 207 32 1262 486 340 357 1402 956 112 970 1257 1143 591 492 1268 638 1337 876 853 963 915 577 880 1181 70 1294 1077 1161 633 984 470 826 885 1203 983 771 1379 905 755
58 1253 286 1163 507 811 805 312 638 157 1231 35 880 1413 823 876 484 771 895 1294 1440 1316 244 1201 261
583 970 658 1239 409 1270 1184 826 1175 1286 193 1077 905 755 1188 1263 435 1331 197 1161 693 588 325 1129 31 1365 1130 705 1290 1089 36 1392 1402 1148 770 149 340
584 1446 1440 1147 1077
586 1077 1303
587 764 1188 1184 96 1082 847
588 1184 163 826 795 693 1231 1147 56 973 1129 583 1077 1175 1331 1402 435 54 970 658 1044 799 569 1286
589 973 1231
590 590 1147 658 1077
591 1475 692 52 638 346 486 157 1280 844 1192 261 687 1069 286 56 1161 228 1089 35 577 383 1077 507 164 569 826 876
595 1268 799 507 1396 1289 1181 163 1316 95 492 1361 1231 633 471 692 795 222 778 1302 486 577 1157 231 638 1089 368 340 658 35 1331 895 880 1130 631 1077 484 825
596 127
597 692 1129 507 174 1130 316 770 157 1077 1464 755 693 261 1340 973
599 1147 826 1077 951 588
6 1453 362 1380 1112 149 157 139 1440 799 577 1077 876
601 1192 826 1130 1077 164
605 1129 261 687 693 56 880 1231 1294 876 157 507 1023 771
607 1019 693 54 569
608 474
610 1253 577 692 895 1143 569 286 866 876 1231 771 1294 1440 157 1385 880 35 507 805 1257 1413 312 622
614 876 228 362
615 658 1147
617 1201
618 1493 826 687 956 638
620 1414
621 632
622 693 771 205 507 1089 1253 216 1077 999 157 577 885
624 157 577 638
625 658
626 799 605 853 1253 312 1464 638 895
627 362 575
629 970 1077 422 658 693 588 1340 1175
63 1042
631 934 658 31 577 157 1082 956 1257 876 692 1402 1175 56
632 1057 1453 709 144 157 931 1257 297 244 1091 1112 181 876 1316 1440 1270 1305 866 1396 1337 1494 367 633 1208 1413 471 821 569 1407 1231 634 72 151 1432 880 316 404 895 605 286 1052 621 336 1206 1143 265 737 577 1077 1385 1341 499 40 571 1294 1253 693 567
633 316 1077 799 54 415 1440 1464 1023 880 70 1257 693 1262 932 1305 1341 1337 567 492 404 1129 781 577 1453 1057 507 795 1231 1340 149
634 895 1201 56 755 1316 1143 675 261 1192 632 1231 231 1067 1150 1440
635 876 1201 1231 1192 577 708 216 918 569 488 1091 963 35 516 207 1365 826 971 675 205
636 382 1294 1054
638 383 127 693 876 577 76 540 1175 58 527 56 436 1039 1184 1075 1206 1257 956 569 880 216 181 471 834 1231 1475 935 990 1339 1127 687 866 141 1294 261 474 1465 486 853 507 1207 286 1041 207 1069 485 1304 1201 1446 971 228 1274 967 825 1163 1044 1485 811 1493 346 368 1280 763 995 1029 318 692 844 984 1268 32 1181 591 1192 449 675 595 205 157 1453 404 150 1464 895 312 52 771 795
639 56 101
64 999 795 658 1147 876 398 631 934 1392 1483 793 755 1494 693 1082 1129 1091 325 1239 518 1446 1488 970
641 101
642 174 1255
644 644
645 1392 705 1148 1340 325
651 316 658 1129
652 286 404 492 895 591 1337 1057 1231
654 977 1440 709
656 1077
658 1019 895 1160 711 1175 1465 629 583 1161 121 588 792 569 1430 1290 157 325 1377 1392 1077 1271 686 755 1331 35 435 86 1089 163 970 693 1191 422 1440 1147
659 588 1077 54 1231
661 1147
662 580
664 711
665 1141 890 583
67 479
671 690
673 891 1414 795 577 1386 1129 1354 1192 1274 693 31 871 76 516 956 1201 658 1184 603 96 1077 218 999 207 1455 1239 290 163 659 971 534 1413 569 866 764 549 826 963 164 56 15 1207 528 816 1257 261 1446 200 1402 1188 1494 1209 1057 1033 191 492 970 804 1144 409 995 1429 55 1459 262 1082 1461 1301 1231 1091 457 1340 1172 1440
675 569 486 799 971 157 810 96 492 11 231 844 638 687 705 634 1413 880 1337 1257 1340 826 1464
676 157
677 1392
678 1091 471 1341 1494 880 709 895 866 404 507 1440 876 157 1305 261 1253 577
68 1129
682 54 1023 507 971 1464 415 1453 633 1231 404 231 895 1340 70
684 595 1262
686 633 1337 1175 711 782 658 763 755 693 1379 770 1161
687 693 1089 826 1184 1446 880 844 261 1207 286 1445 692 1192 486 805 157 569 318 507 795 1161 876 56 346 362 916 150 1464 492 577 54 1475 591 508 312 52 956 1465 675 1493 32
688 658
690 755 1440
692 1294 876 150 157 1049 916 895 1077 507 1231 605 1163 1181 435 52 1340 984 32 825 631 346 1341 1485 544 1044 1493 577 866 56 1089 844 362 595 1257 687 569 638 862 591 244 58 1161 1192 880 286 312 261 1449 853 970 1175 771 1373 834 1201
693 866 605 507 876 297 1231 1294 970 1305 72 157 56 588 1077 1413 956 261 362 577 709 35 471 1192 1301 1019 895 1337 583 880 1340 1385 1440 569 1253 1175 1112 53
696 1373
697 577 876 286 312 56 261 1175 1493 507 1385 492 755 692 1181
699 35 157 286 492
70 971 1207 834 876 1282 1130 1231 1184 569 1446 157 207 56 1263 362 471 692 163 1485 795 149 1279 1175 905 826 658 577 1077 492 1161 35 895 1192 844 30
701 39 325 804 516 799 1044 1304 164 485 56 918 1419 1082
704 730 1401
705 834 1355 1446 150 1494 1239 675 478 1041 1488 1392 1058 1207 971 876 1274 205 1461 157 1144 1044 507 934 409 807 518
708 516 1494 569 1161 1419 1461
709 471 157 569 415 1294 499 1316 834 1231 693 1077 1253 1305 876 1143 261 999 866 1129 880 297
71 73 1446 1340 1392 357 64 1154 31 1147 1032 971 516 157 1082 1129 1494 831 1231 409 1488 658 757 1263 763 583 1058 701 705 1483 1184 756 435 1188 1239 54 956 1419 1130 119 999 205 1044 737 908 876
710 577 1455 569 290 1089 207 1413 673 383 1161 96 587 484 705 507 231 693 1023 1402 1239 1231 516 164 1257 1340 771 1461 1082 1201 1144 1274 995 595 1077 409 970 971 1316 222 1091 1483 73 876 363 866 638 457 155 999 834
711 1461 1401 519 737 330
713 583
714 1231 1077 72
717 717
719 435 1089
72 876 261 693 484 164 1231 157 569 492 35 1440
725 293 1337 1282 737 149
726 755
729 1453 286 1015 471 1385 481
73 756 318 971 795 970 96 157 1184 588 54 577
730 98 362 1413 1440 1029
733 1141
736 54
737 577 690 567 755 569 807 1201 1483 1057 1077 1440 1432 693 1396 1231 756 1294 725 771 231 605 484 404 385 285
739 56 1365 54 1201 486 1161 1175 368 318 1340 862 1077 757 577 805 826 973 658
743 1316
744 1044 157 834 638 971
747 150 911
749 404 244 781 286 1453 826 1044 1305 658 626 1091 1257 971 895 937 507 205 216 127 1493 675 638 485 436 137 577 853 157 1262
75 1129
755 56 54 435 658 1396 951 577 690 686 1129 362 1440 876 72 737 1077 484 1192 1208 1130 1340 569 1019 149
756 207 31 1263 1231 1058 71 197 96 1161 1414 357 516 866 193 1188 340 73 1091 1130
757 577 1373 368 1231 157 1340 805 1184 826 492 876 56 1331 96 383 1337 217 795 1041 586 956 436 569 471
759 876 1286 1147 1231 30 1129 755 1192 435
76 1262 244 139
761 1346 1265 970 876 1089 1082 660 1144 569 816 1402 435 1077 1021 999
762 1494
763 261 1201 1253 811 916 577 638 1464 1302 1192 686 1091 507
764 956 587 1274 1082 866 673 898 1144 96 1483 363 1184 556 1239 1231 492 31
765 826
77 207 876 179 1044 1161
770 1249 1130 325 149 908 756 1188 457 686 583 1175 1161 435 36 1402 658 1346 905 1077 970 1147 1263 693 866 193 1302 31 1340 876 1023 519 1401 1231 544
771 692 956 1385 1192 569 286 1440 880 1294 862 157 58 1257 1203 876 1201 577 895 244 312 622 507 1231 1253 346 605 1143 805 693 261 484 1493 687
773 336 471 861 157 1294 577
775 826 1147 970 1129 1049
777 777
778 1440 471 577 1294 1077 1231 1181 569 1337 95 1253 1057 782 492 1413 54
779 1141
78 157 588 1475 876 1129 693 799 853 72 1044 1231 197 1340 1485 1184 436 261 141 107 96 638 980
780 1219 149
781 569 1077 1337 484 1316 1231 1192 157 834 895
782 544 1129 895 455 995 754 492 1333 1201 194 880 823 261 866 507 484 58 35 1380 338 324 1373 1257 477 737 1413 231 274 876 1316 1334 131 591 1161 1130 1021 519 916 686 1440 1396 54 1424 631 693 1302 1208 1143 569 312 577 1111 778 781 129 346 1192 1469 56 316 1279
788 1147
79 816 58 297 477 1316 286 1440 26 1407 755 963 577 895 56 303 256 569
792 1340 340 658
793 1082 334 866 876 518 4 1239 157 1263 1207 516 368 1044 1488 1144 1192 290 1130 64
795 1340 757 1144 485 1044 516 1175 687 216 1339 1461 73 54 595 1161 1483 157 1231 1446 569 937 588
797 755 941 658
799 1340 516 1207 916 1346 693 96 1192 1184 1231 675 588
8 577 139 1294
801 484
804 1175 516 422 834 1129 53 588 1340 826 693 701 205 261 970 1231 1446 876 72
805 1184 286 346 244 1270 757 569 231 1163 876 826 1089 1257 492 368 338 1192 739 484 1201 470 1302 880 261 906 1371 895 687 96 298 844 58 1253 485 1181 1373 771 1440 507 181 544 1413
806 484 1129 492 1453 1440 902 1231
807 96 1044 971 357 1461 705 1274 205 1039 834 799 1466 1488 876
809 816 963
810 1147 1130 970 658 1231 1129 96 197 1184 368 675 35 795 1023 54
811 436 1044 763 906 638
815 231
816 1057 963 793 95 866 1407 56 98 1231 157
819 35
822 693
823 1181 312 1130 1077 229 157 693 392 58 577
824 826
825 876 157 970 1475 956 286 486 470 1161 577 261 692 1257 507 1493 457 569 658 477 1201 1207 1184 164 1280
826 687 1470 1161 1373 340 1239 435 56 96 1441 675 54 583 193 1160 1263 1340 457 1252 1231 1130 908 1301 928 1247 970 70 1082 492 207 951 544 1021 1208 230 163 197 570 370 805 577 1089 956 905 1077
829 244 157 1262 1385
83 1407 272 1141
830 1263 1412
831 1082 1392 1147 1263 970 1188 516
834 781 492 157 995 577 638 1413 56 1274 1493 1231 486 1294 876 853 261 346 207 1207
835 467
844 157 1089 436 1274 1127 577 834 1464 591 1257 1077 687 805 164 956 1493 692 675 318 825 54 1192 1280 507 286 876 1331 346 1203 686 935 150 1069 32 486 866 638 261 56 228 1231 52 995 1175 435 916 1181 70
845 171
846 56 595 35 1161
847 970 658 1077 587 826 1175
851 1175
853 692 286 577 207 1475 261 1091 1044 157 436 569 363 216 127 834 1161 876 1493
856 915 1144
858 1440 834 980 1396 492 1023 755 157 362 567 1077 1282 916 231 1281 471 54 484 1130
86 876 1130 693 217 577 755 658 1077
860 1402 484
861 709 1181 773 999 336
862 693 1294 507 1385 692 876 739 157 771 687 577 312 880
863 507 799 693 569 876 826 1331 1346 435 1461 96 1077 1402 1023 1401 261 163 638 516 1082 1279 157 1175 692 1057 708 587 1270 1201 1263 1184 1147 730 755 886 916 1069 1129 1231 1239 915 471 1414 54 973 72 1440 1188 970
866 96 876 1231 1144 1461 1274 54 764 1239 956 157 507 971 1091
867 577 984 1077 737 1440 658 633 380 35 1316 1279 1337 1161 1129
868 323 431 1204
871 157
873 519
874 1141
876 150 569 486 368 1485 1207 1316 693 507 1461 1077 346 35 844 577 687 963 1192 193 157 1274 866 1263 72 540 971 1082 1181 1413 96 1257 1488 995 1091 1175 70 755 163 705 492 485 1089 855 58 834 32 999 286 1464 853 805 312 357 484 970 692 1049 1475 956 52 876 516 470 228 325 1069 825 1239 880 1493 244 638 1203 207 1440 54 1446 770 1161 1044 261 409 1029 895 383 362
879 1141
88 1161 1402 1340 569 261 577 435 1147 956 56 164 658 1175 1077 876 507 228 1365 687 486 54
880 771 687 895 577 72 1057 876 244 1294 54 1494 404 1305 265 1253 1029 1192 1453 916 675 1440 261 805 1181 1231 1413 157 286 730 35 1385 507 866 693 58
881 614 404 567 492 730
882 658
883 86 519 673
885 492 771 1485 577 1239 622 1279 1163 773 1494 157 325 916
886 1147 193
888 1324
889 435 56 157
891 658
895 54 1231 569 70 567 805 1453 58 484 771 519 507 1143 56 137 658 876 693 1192 971 1253 286 1294 1341 880 781 471
896 1129 149 215 409
903 507
905 1175 826 577 436 149 193 340 770 163 1263 1130 908 1161 207 70
906 368 805 1044 811 507
908 826 1157 1340 1130 1263 1231 163 193 340 149 799 905 1161 508
911 1464 163 1231
914 1294
915 290 1023 362 1130 1161 1231 1392 951 56 638 1365 577 1208
916 1279 916 1091 1378 131 35
917 471 1151 507 163
918 164 1475
919 876 152
92 149 1130 1077 973 908 1076 435 693 1402 838 35 362 1161 658 1208 577
926 1130
928 826
931 632 880 876 866 324 1494 816 577 811 297 1231 139 1440 1181 1143 1337 157 415 834
934 866 516 1446 1346 705 1239 631 1488 876 1445 1188 1494 64 1082 1147
935 52 261 638 486 1175 157 1464 507
937 157 516 205 216 507 96 876 1458 834 795 1239 1091
941 31 1286 1129 797 1082 1321 826
944 1175 1130 795 588 876 96 492 1239 436 951 1082 1161 970 368 1331 658 1184 826 569 1392 197 693 53 799 1263 1147 325
947 474 916 984 638 157 507 1352 687 876 1172 164 1175 486 577 1069 567 52 844 1257
948 157
949 1141
95 1341 778 228 595 385 1266 860 895 383 1365 297
951 1396 599 1331 1492 392 876 755 163 1161 148 1175 435 357 1191 687 826 583 1130 1446 915 970 1129 1263 1077 625 1021
952 1440
953 54
954 895 244 1305 1150 1294
956 693 999 1488 1082 569 507 1231 164 96 1257 1493 577 492 866 876 1161 826 1184 1192 54
959 880 866 805 507 834 54 1163 956 1192 484 567 895 1385 286 1440 56 35 876 1231 58 633 312 771 157
96 675 1402 673 1129 261 349 810 866 876 1044 1091 764 1458 1161 205 1154 1257 1201 1239 1440 693 799 1147 492 31 826 1049 756 54 1082 1301 290 1461 1192 1231 216 1446 368 956 970 164 207 1340 141 516 556 757 569 937 1184 334 540 78 1130 805 795 587
962 1077 1172 905 1130 1286 436
963 385 36 1419 1263 1461 876 363 577 971 484 1371 1077
966 1161 1039 1396
967 638
970 1188 1208 1129 346 629 1181 1257 804 577 755 1290 164 1175 951 357 1401 1440 35 1340 1023 825 1402 1331 1231 1184 1077 1172 435 1365 1201 1049 693 1316 1147 1346 876 973 1239 826 1271 1089 583 325 658 1026 1069 770 73 193 569 692 588 1161
971 207 1091 675 290 70 1257 1485 1340 1082 692 1239 963 577 1207 1044 150 35 1184 157 876 436 164 1446 261 1201 1274 205 834 1231 799 1461 866 507 795
973 54 755 435 1021 589 1440 1023 544 658 1402
974 222 1365
975 1184
977 58 654
978 577 730 693 755
98 1231 383 96 435 1440 1044 1346 730 951 1161
980 1023 1494 1440 1130 1129 1316 1077 1000
983 324 157 577
984 484 507 1069 577 1231 687 638 35 1396 492 1493 157 286 1440 693 692
990 638 157
995 834 1207 261 1192 1440
996 595 1302 56 1184 1289 346 54 383 1181 805 470 362 507 1082 1493 1331 1257 1365 588 569 492 876 73 687 1089 1175 577 601 825 1440 756 757 826 1111 88 1231 228 1161 52 956 970 164 1485 1279 477 844
997 1150
998 362
999 64 577 1239 1201 71 261 96 876 895 1419 492 409 1082 72 1231 569 956 1274
