org_id remap_id
5526553 0
5708148 1
5475167 2
6402 3
5212077 4
5091781 5
5405990 6
5017448 7
5373705 8
6670120 9
6521097 10
6637812 11
5284674 12
5275052 13
5328942 14
5012456 15
5019691 16
5026320 17
6690472 18
6442533 19
5637008 20
5026749 21
5096111 22
5018050 23
5499641 24
6759687 25
5202651 26
6477551 27
19382 28
5026693 29
19606 30
5359307 31
6880228 32
5343153 33
6437133 34
5270615 35
5544313 36
5013628 37
5254057 38
5011838 39
7309 40
5299303 41
5302983 42
5019808 43
5021102 44
5289469 45
5020005 46
5290901 47
5554233 48
6220745 49
5001796 50
5612969 51
5001948 52
19306 53
5001886 54
5695388 55
5066110 56
9632 57
5644117 58
5552133 59
6394663 60
13124 61
6755322 62
5801609 63
21130 64
17475 65
6628390 66
5833690 67
5027010 68
5002696 69
4228 70
6695028 71
5202448 72
21053 73
6452177 74
5410992 75
5352627 76
1177 77
6792005 78
5279552 79
5616146 80
6236242 81
5086048 82
5502943 83
5040868 84
269 85
17656 86
5040588 87
5021553 88
5011862 89
6657316 90
5020826 91
5020146 92
5691456 93
6249844 94
6698818 95
5604735 96
5246514 97
6741621 98
5002062 99
5286211 100
5240190 101
6699427 102
5614232 103
5013494 104
5001592 105
6666536 106
5388985 107
6496863 108
5843152 109
6699139 110
5018051 111
5507968 112
5239271 113
5021440 114
5019987 115
6406535 116
5524972 117
22598 118
5625695 119
5317444 120
5635787 121
5035931 122
6495932 123
5022977 124
6784832 125
5770908 126
5809210 127
14597 128
5085811 129
6852580 130
6612583 131
5079808 132
5093070 133
15103 134
5378556 135
5228343 136
5721881 137
6891955 138
5096786 139
5335750 140
5000179 141
5019604 142
5284772 143
6307144 144
5490820 145
5953084 146
21826 147
5096641 148
6803687 149
1056 150
16238 151
5239352 152
5076611 153
5259339 154
5307978 155
5690300 156
5598433 157
5441886 158
6886167 159
6292077 160
5066015 161
5884119 162
5016781 163
6218402 164
6197992 165
6535482 166
5020987 167
6744799 168
5730400 169
19851 170
5095954 171
3622 172
5024872 173
5405726 174
5253515 175
5260943 176
5040845 177
5599583 178
5302103 179
5447456 180
6662488 181
6456238 182
6553537 183
5482693 184
5498655 185
14919 186
4109 187
5046117 188
5600881 189
6869137 190
5647332 191
5241412 192
3323 193
6458432 194
6539831 195
5263896 196
5459819 197
5670283 198
20493 199
5504341 200
6758966 201
5246905 202
5470491 203
5066687 204
5003699 205
5568585 206
6820455 207
8470 208
5552446 209
5285394 210
5360 211
5085363 212
5341968 213
5341670 214
6795151 215
5404163 216
5096282 217
5446262 218
5431213 219
6296526 220
5066222 221
6843233 222
5340065 223
6637509 224
6644 225
5692428 226
5274252 227
17362 228
4064 229
5549621 230
6249876 231
10438 232
6714123 233
6655942 234
18745 235
5701232 236
3146 237
5376694 238
5003075 239
5353630 240
5025940 241
5537117 242
6218191 243
5747976 244
5600906 245
5249590 246
5567284 247
5027091 248
5379747 249
6609542 250
5255161 251
5228298 252
11890 253
6166273 254
5027357 255
6186332 256
6168115 257
5092954 258
6752670 259
5022909 260
5689347 261
5080044 262
6610808 263
5003761 264
5326015 265
6852684 266
6244111 267
6755215 268
5541150 269
22397 270
5622614 271
5554710 272
5327115 273
5023064 274
5240683 275
5026604 276
6496481 277
6809845 278
5096965 279
6318383 280
5457410 281
5514450 282
6772062 283
15271 284
5514944 285
5694057 286
2545 287
6230723 288
5874144 289
6303652 290
5017820 291
6570022 292
6878095 293
9250 294
6414950 295
5607542 296
5331758 297
1678 298
6785451 299
5250545 300
5291700 301
5017877 302
5722409 303
5092881 304
6780393 305
5309969 306
5441040 307
5542063 308
5325834 309
5319231 310
5247755 311
5022563 312
5027074 313
6878499 314
5002044 315
5259547 316
6338302 317
5564909 318
6636701 319
6496624 320
5261772 321
6776473 322
5352028 323
5609617 324
5311766 325
5435242 326
5250898 327
11646 328
5435417 329
6838775 330
12030 331
5015295 332
5026044 333
5655661 334
6320657 335
6797968 336
5382301 337
5024826 338
5445962 339
6633970 340
5273667 341
5002069 342
5250142 343
4075 344
5022133 345
6745054 346
6458613 347
6143199 348
5021359 349
5690593 350
5434118 351
6552833 352
5116809 353
6515057 354
5295262 355
5445547 356
6777717 357
5000182 358
5014379 359
5369051 360
5012284 361
5487381 362
5025967 363
6643886 364
5275658 365
5085480 366
6204271 367
22051 368
6893330 369
6836599 370
5020952 371
5452416 372
5656241 373
5012162 374
6602395 375
5332464 376
5286401 377
5776136 378
6605324 379
5018728 380
5539779 381
5018201 382
6506177 383
5237 384
6611488 385
5329676 386
5040724 387
5485488 388
5578658 389
5023500 390
5323849 391
5462350 392
5019237 393
5383828 394
6535533 395
5001299 396
5429307 397
5019786 398
5093295 399
5515840 400
6843349 401
2815 402
1985 403
6607029 404
5093046 405
6354829 406
14183 407
5820779 408
5615135 409
5020766 410
5789117 411
5019578 412
5661799 413
6752215 414
5454058 415
5001865 416
775 417
5101950 418
6700902 419
5321884 420
6781345 421
5642036 422
6822956 423
5285261 424
5025435 425
5769930 426
5066818 427
5022266 428
6355502 429
19039 430
5050958 431
5625389 432
9840 433
5395998 434
15440 435
5240904 436
15574 437
5076670 438
6862079 439
5592426 440
5692619 441
6654280 442
6786123 443
5313012 444
5036034 445
5202715 446
5639499 447
6208945 448
6881005 449
6782182 450
5471383 451
5017028 452
5247860 453
5328003 454
5080376 455
3889 456
5380242 457
5302030 458
5271854 459
6500274 460
6413480 461
5021708 462
23228 463
5244830 464
5641283 465
5021707 466
6561170 467
23031 468
5251448 469
5430854 470
6518229 471
6422677 472
5079666 473
6831737 474
6371150 475
6208011 476
5738292 477
5583259 478
5555733 479
5096128 480
5246451 481
6445726 482
5720245 483
6871656 484
6575522 485
5026623 486
5016006 487
14470 488
5849084 489
6216424 490
6723034 491
6828229 492
5253752 493
5035648 494
6601458 495
5277921 496
5012200 497
5345770 498
6458148 499
23546 500
5092284 501
6610980 502
5545586 503
18976 504
6244202 505
5398993 506
5312145 507
5335327 508
5430513 509
5203294 510
5610581 511
6726416 512
5022306 513
5652448 514
5102004 515
5013770 516
5585277 517
5018920 518
6571275 519
6617415 520
5629767 521
5540048 522
5663429 523
5475544 524
5347811 525
6440040 526
5076585 527
18670 528
5857501 529
5013798 530
5777170 531
5725412 532
5388238 533
21533 534
5464873 535
5609903 536
5492611 537
5271390 538
5076470 539
3675 540
5545334 541
6720987 542
5020857 543
6155016 544
5518563 545
6297090 546
6232492 547
3957 548
6616219 549
4142 550
5367218 551
5572477 552
6410840 553
6145174 554
6462689 555
6700018 556
6285979 557
6869160 558
3227 559
5243876 560
5331454 561
5280780 562
6430214 563
5262181 564
5023279 565
6803270 566
5385408 567
6142471 568
5050984 569
5263877 570
6840580 571
6144962 572
5001281 573
5203119 574
5045909 575
8421 576
6391297 577
5427873 578
22626 579
5619992 580
11499 581
5314430 582
5326798 583
5093329 584
5431187 585
5372989 586
5250576 587
5035747 588
5013173 589
6506803 590
5338789 591
5514920 592
5318699 593
23745 594
6863857 595
5890 596
5907093 597
5001063 598
5093497 599
5380860 600
5076560 601
22354 602
5731245 603
5660 604
5836506 605
5003437 606
5847923 607
10305 608
6638948 609
5096876 610
5296152 611
5016224 612
6876055 613
2357 614
5212176 615
6671040 616
6191286 617
5346312 618
5240161 619
5014572 620
5371753 621
4992 622
5585858 623
6776282 624
5996591 625
6643976 626
6605850 627
5203100 628
5619431 629
5405903 630
5186828 631
6255917 632
5326802 633
5025844 634
5723803 635
5202056 636
9599 637
5217069 638
5000879 639
5002641 640
5342687 641
5336294 642
6072 643
2748 644
5261791 645
5019160 646
5769545 647
5016438 648
6814616 649
5907622 650
5953265 651
5000931 652
5012400 653
5040984 654
5201945 655
20750 656
5406541 657
13951 658
5096186 659
5012156 660
12325 661
6795162 662
5407810 663
5428660 664
6892550 665
6635499 666
5002441 667
5003081 668
5002033 669
5018533 670
5645007 671
6471555 672
11008 673
5326922 674
6168876 675
5066678 676
13861 677
5085436 678
6874894 679
9666 680
6637105 681
6236724 682
5792843 683
5538458 684
6801771 685
5944567 686
5079163 687
6211391 688
5980048 689
5257753 690
5693034 691
6688743 692
6841412 693
6564675 694
5635494 695
5313647 696
4881 697
5046016 698
5321811 699
5012119 700
6891297 701
6752802 702
5542276 703
5579110 704
3752 705
5805128 706
5590498 707
5336800 708
5021460 709
5001061 710
6219843 711
5017708 712
5020706 713
6804160 714
5025019 715
5303242 716
5305309 717
5217683 718
5759850 719
6446760 720
6653294 721
5092883 722
5751791 723
5515635 724
5208061 725
6152423 726
5014118 727
6658704 728
6540008 729
5631860 730
5321375 731
5480042 732
6814341 733
6203948 734
5011927 735
5000921 736
5306962 737
5314432 738
5244082 739
6494790 740
6186284 741
5216918 742
5261228 743
3315 744
6506851 745
6291938 746
5377795 747
5720073 748
5212075 749
5643480 750
5646051 751
5456060 752
5658456 753
5026657 754
5217258 755
5027077 756
6816400 757
6779658 758
5036129 759
6725337 760
6591439 761
6829180 762
5521709 763
6728811 764
6880480 765
5476711 766
5066688 767
5021633 768
6723241 769
5066613 770
6847774 771
6841465 772
6223486 773
5332652 774
6401714 775
7356 776
6367596 777
18033 778
5080918 779
5687589 780
5463059 781
5451574 782
5017514 783
6360251 784
7733 785
6561127 786
6821897 787
5036152 788
18192 789
5262616 790
6239669 791
6367875 792
5749447 793
5522173 794
5026434 795
5017808 796
5246814 797
5410178 798
5066165 799
18731 800
6812317 801
22985 802
5392140 803
5407970 804
5371098 805
5336647 806
5248920 807
6320599 808
5000594 809
6240973 810
6344770 811
6169339 812
6757811 813
5692578 814
11953 815
5299506 816
12077 817
5530382 818
6451080 819
5844922 820
5810024 821
5581627 822
5077615 823
20403 824
5001825 825
6022682 826
5203282 827
5080959 828
5240427 829
5212281 830
5014804 831
5055965 832
5456468 833
5408215 834
5380375 835
6567270 836
5341269 837
5415240 838
6859203 839
22302 840
5387843 841
5769137 842
6298008 843
6145850 844
6887858 845
5756937 846
6697415 847
5247771 848
5537194 849
5510863 850
5412905 851
5533424 852
5687811 853
5379019 854
6474927 855
6532964 856
5729927 857
5437616 858
5426441 859
6861655 860
6604379 861
5250710 862
5290395 863
18868 864
5647484 865
5691122 866
10776 867
5651357 868
5670312 869
5582077 870
6140875 871
5076835 872
5610594 873
2026 874
5365492 875
5596660 876
5454586 877
5253516 878
5614615 879
5014870 880
5373680 881
6797820 882
5071514 883
5660058 884
20520 885
5471987 886
5161970 887
5432037 888
5002639 889
6453198 890
5507185 891
5000858 892
5655594 893
5023074 894
5013127 895
6462473 896
5050847 897
5302119 898
5278398 899
6176742 900
6588100 901
5015470 902
5241585 903
6553178 904
5690234 905
15460 906
5095870 907
6845486 908
5244988 909
5035960 910
5217315 911
5383845 912
5003041 913
5453443 914
5013043 915
5002080 916
5245206 917
5275136 918
5416378 919
5606946 920
5341923 921
5228509 922
6443287 923
5251011 924
5330257 925
5026722 926
5076569 927
5027057 928
6237232 929
5482655 930
5369254 931
6658105 932
5066055 933
5016366 934
5019708 935
6161361 936
5016980 937
5847880 938
5026723 939
5643349 940
6694536 941
5504993 942
5017734 943
6484172 944
6603737 945
5335014 946
5332129 947
5837129 948
5093055 949
5040835 950
5643454 951
5369233 952
6198375 953
11573 954
4883 955
5018043 956
16583 957
5693422 958
5397635 959
5288903 960
5389973 961
5951340 962
6391216 963
6043025 964
6817193 965
5001703 966
5196829 967
5001563 968
5066018 969
6448232 970
5253498 971
9435 972
5692654 973
5501221 974
5017463 975
5697548 976
6788089 977
5525765 978
5003226 979
5511556 980
5374982 981
6378497 982
5753980 983
14099 984
5046018 985
6470910 986
6241248 987
5002692 988
5755335 989
6748462 990
5330829 991
23742 992
10735 993
5085581 994
5000595 995
6240242 996
6326055 997
6392906 998
5851840 999
5532295 1000
5358714 1001
4162 1002
5015192 1003
6518084 1004
5012725 1005
6233131 1006
5035774 1007
5026404 1008
5526927 1009
5820562 1010
5241037 1011
5217079 1012
5020426 1013
5753103 1014
5080413 1015
5248739 1016
5019748 1017
6506577 1018
5657552 1019
5203155 1020
5413555 1021
17507 1022
8173 1023
6206014 1024
5003463 1025
5395847 1026
6312383 1027
5316693 1028
5001833 1029
4144 1030
3058 1031
6879236 1032
5045908 1033
6843959 1034
6397280 1035
14891 1036
5524408 1037
6432601 1038
6741133 1039
5223393 1040
5652581 1041
22063 1042
5228289 1043
5242198 1044
5090916 1045
5202501 1046
5092230 1047
5442237 1048
31 1049
5017190 1050
3338 1051
5085322 1052
6589223 1053
5001863 1054
5592226 1055
5692429 1056
5202134 1057
5686095 1058
5228066 1059
12317 1060
5026879 1061
5040699 1062
5370149 1063
6844009 1064
5434175 1065
6223943 1066
5343883 1067
5000732 1068
5339069 1069
5095804 1070
5290469 1071
5003028 1072
5701821 1073
6893925 1074
5277922 1075
6211424 1076
5026420 1077
5279647 1078
5516963 1079
6241857 1080
5018808 1081
23489 1082
5238639 1083
6397261 1084
5002545 1085
6190414 1086
6823442 1087
5239955 1088
233 1089
5341466 1090
5371022 1091
20919 1092
5433620 1093
5252799 1094
5746319 1095
6221345 1096
5647209 1097
6198738 1098
5953431 1099
6656186 1100
6885623 1101
4008 1102
6842978 1103
5736888 1104
6835564 1105
5782906 1106
5295842 1107
5040811 1108
6429415 1109
12469 1110
213 1111
6821410 1112
5066510 1113
9973 1114
5391396 1115
5021168 1116
5091920 1117
5359926 1118
6425976 1119
6887331 1120
5450792 1121
5325241 1122
6451533 1123
5012600 1124
6303875 1125
5713897 1126
5564253 1127
5202990 1128
5592952 1129
13311 1130
15183 1131
5260499 1132
6524358 1133
5412163 1134
6436352 1135
5040766 1136
5492 1137
6214573 1138
5365175 1139
6896960 1140
6206646 1141
6189 1142
5035597 1143
6404833 1144
6251540 1145
6659998 1146
5268933 1147
14142 1148
5040957 1149
5041034 1150
5239477 1151
6882537 1152
5290 1153
6465049 1154
5201831 1155
5567269 1156
6636748 1157
6298557 1158
5368530 1159
6725495 1160
5015684 1161
5271410 1162
5317988 1163
5238966 1164
5452764 1165
6230713 1166
6892298 1167
5815926 1168
6205684 1169
5518607 1170
5026862 1171
6461332 1172
6861853 1173
1706 1174
6727519 1175
5019689 1176
5036035 1177
5645541 1178
5018678 1179
6494388 1180
5985827 1181
5354325 1182
6454218 1183
6701490 1184
5810952 1185
5511342 1186
6617495 1187
5386506 1188
5501332 1189
5384452 1190
5836857 1191
5018005 1192
15503 1193
5018878 1194
5598323 1195
6816870 1196
5463442 1197
5250192 1198
5002770 1199
5241262 1200
5792542 1201
5016316 1202
6213515 1203
5066395 1204
2209 1205
6396587 1206
6839754 1207
5000442 1208
5176857 1209
6736381 1210
6802332 1211
6743530 1212
5065876 1213
5297771 1214
5436094 1215
5000806 1216
5326545 1217
6210259 1218
5386276 1219
5001456 1220
5246227 1221
6233338 1222
5291026 1223
5223597 1224
5312322 1225
6898018 1226
6686630 1227
9121 1228
5339143 1229
15535 1230
6773030 1231
6240389 1232
6436251 1233
5640403 1234
5307074 1235
5046200 1236
6583807 1237
6778298 1238
5337786 1239
5019225 1240
5000396 1241
5341687 1242
6412543 1243
5015266 1244
5336173 1245
12106 1246
6496990 1247
5002455 1248
5247678 1249
5665050 1250
5414470 1251
5577776 1252
5622626 1253
6841262 1254
5676748 1255
21771 1256
5380298 1257
5252857 1258
10848 1259
5498318 1260
6417132 1261
5495730 1262
23574 1263
5261270 1264
6783392 1265
6600809 1266
5359176 1267
6704805 1268
5642766 1269
5697078 1270
5239858 1271
5440153 1272
5762011 1273
5288376 1274
5669867 1275
4857 1276
5693381 1277
5202280 1278
5592238 1279
5019316 1280
6288627 1281
5624106 1282
5203305 1283
5510065 1284
5017453 1285
5018651 1286
23081 1287
5837391 1288
5246709 1289
6441948 1290
5475916 1291
6609678 1292
1903 1293
5702587 1294
5333607 1295
6468819 1296
5378253 1297
5808323 1298
5003227 1299
5650060 1300
6220703 1301
6320703 1302
5605571 1303
5228264 1304
6514889 1305
6638321 1306
6496853 1307
6703843 1308
5334953 1309
5641274 1310
5584270 1311
5588987 1312
3720 1313
6437478 1314
5090959 1315
5816422 1316
5330717 1317
5329277 1318
5523710 1319
6799313 1320
5026730 1321
3391 1322
5391705 1323
5250773 1324
5488634 1325
5422728 1326
19718 1327
6754009 1328
5261157 1329
6624467 1330
5281166 1331
6617478 1332
6651591 1333
20882 1334
5791608 1335
5002171 1336
5963574 1337
5077482 1338
18021 1339
5320729 1340
5315107 1341
6659628 1342
5800401 1343
6468177 1344
5399013 1345
5246748 1346
6668 1347
5652918 1348
5012408 1349
5620008 1350
5806651 1351
6836278 1352
5512570 1353
6139816 1354
5803721 1355
5017287 1356
5079760 1357
5256313 1358
19093 1359
5634514 1360
5025695 1361
5717774 1362
6661330 1363
5093523 1364
6219153 1365
6149767 1366
5464579 1367
5541660 1368
17198 1369
5508102 1370
5097026 1371
6569291 1372
5780814 1373
5298569 1374
5080312 1375
5326639 1376
23567 1377
5702150 1378
6771484 1379
5246264 1380
5026614 1381
5450893 1382
5093266 1383
5327163 1384
6231354 1385
6202018 1386
5480196 1387
5798611 1388
5829495 1389
5022599 1390
5016741 1391
5066178 1392
5776243 1393
5521013 1394
5762262 1395
5126937 1396
5017726 1397
5652386 1398
5750138 1399
5645431 1400
5310012 1401
5895280 1402
5463381 1403
5239924 1404
6759956 1405
21637 1406
5003473 1407
6528388 1408
6758098 1409
6265842 1410
5345393 1411
6394622 1412
6854894 1413
22862 1414
5352422 1415
6799546 1416
713 1417
5354862 1418
5600758 1419
5631861 1420
5518494 1421
7026 1422
5244050 1423
6739319 1424
3679 1425
5253846 1426
5635995 1427
5540859 1428
5018148 1429
9709 1430
1151 1431
5238785 1432
5001505 1433
5223773 1434
6657747 1435
5371344 1436
5746363 1437
5661865 1438
6360164 1439
6695865 1440
5093514 1441
5019412 1442
5578804 1443
5096981 1444
1669 1445
6737834 1446
5518364 1447
5052 1448
5706536 1449
5502672 1450
6886586 1451
6306165 1452
5014290 1453
6555808 1454
5327697 1455
5021642 1456
5391343 1457
5288024 1458
5677261 1459
5001156 1460
5014569 1461
6204144 1462
5212054 1463
5001597 1464
5025525 1465
5347340 1466
5405732 1467
6888374 1468
6516378 1469
6462262 1470
5348970 1471
5076556 1472
6422123 1473
6238803 1474
5793919 1475
300 1476
6760116 1477
5238961 1478
5685284 1479
6730315 1480
14422 1481
5601192 1482
5207732 1483
5669600 1484
5249053 1485
6539135 1486
5366596 1487
5685508 1488
5096262 1489
19423 1490
6399479 1491
5336057 1492
5327977 1493
5240697 1494
6239064 1495
5241196 1496
5338118 1497
5529399 1498
5657376 1499
5013434 1500
6603785 1501
5079164 1502
5000468 1503
5019372 1504
5374575 1505
5613622 1506
6794918 1507
5606575 1508
5664206 1509
5475144 1510
5333489 1511
5599022 1512
5395211 1513
5292918 1514
5066197 1515
5352171 1516
5370726 1517
5050816 1518
5340509 1519
6772623 1520
6189264 1521
5857845 1522
5026364 1523
6428237 1524
5699519 1525
5228169 1526
5002048 1527
5294965 1528
5093410 1529
5458871 1530
1983 1531
5239203 1532
6533285 1533
5081053 1534
5724389 1535
6149389 1536
5012125 1537
5002411 1538
5002698 1539
5212245 1540
6576767 1541
5748011 1542
5092877 1543
17485 1544
5466147 1545
6759076 1546
6434817 1547
5022114 1548
22178 1549
5025596 1550
16371 1551
6521661 1552
6424 1553
5019141 1554
5022981 1555
6794934 1556
5003373 1557
6627139 1558
5363763 1559
5670649 1560
6175266 1561
5000658 1562
6234177 1563
5831217 1564
5524928 1565
5019931 1566
5647717 1567
5294770 1568
5019104 1569
5217128 1570
5021725 1571
6198478 1572
5093555 1573
5929109 1574
6534857 1575
5362179 1576
5020587 1577
6855072 1578
2483 1579
6214862 1580
5697057 1581
6532985 1582
5202295 1583
5526015 1584
6752783 1585
2531 1586
5711182 1587
6265688 1588
11749 1589
5030710 1590
5497780 1591
6045 1592
5394536 1593
6601932 1594
5310092 1595
5002333 1596
11500 1597
5664713 1598
5077281 1599
5517962 1600
5323511 1601
6379092 1602
6890814 1603
6237426 1604
5578045 1605
6474998 1606
6438628 1607
5017716 1608
5012441 1609
6371369 1610
5093265 1611
5926894 1612
5016995 1613
5433642 1614
5001196 1615
5402604 1616
5020875 1617
5422850 1618
19767 1619
6777903 1620
5045806 1621
5202995 1622
5001495 1623
6690515 1624
6742681 1625
6354722 1626
5019302 1627
5002374 1628
5621707 1629
5835094 1630
5018360 1631
5026251 1632
5013228 1633
6473364 1634
5635900 1635
6823268 1636
5344282 1637
6582454 1638
17502 1639
6408996 1640
5065948 1641
1716 1642
5020889 1643
5367409 1644
3144 1645
2143 1646
5817434 1647
6756522 1648
6374904 1649
5714076 1650
5000330 1651
5274098 1652
6801920 1653
5433460 1654
5850883 1655
5469307 1656
5338904 1657
5315131 1658
5335466 1659
6523643 1660
6683008 1661
5821202 1662
5741 1663
5317916 1664
6520091 1665
5066703 1666
5694793 1667
5201878 1668
5021782 1669
5433763 1670
5036180 1671
5784306 1672
6689593 1673
6451936 1674
6355249 1675
5565307 1676
6689344 1677
6868532 1678
6452371 1679
5571298 1680
5526680 1681
5375376 1682
5687422 1683
5046186 1684
5243805 1685
5001217 1686
6691018 1687
6468472 1688
5390480 1689
5437076 1690
5020858 1691
6797951 1692
6818310 1693
5369388 1694
6522320 1695
5025934 1696
23650 1697
16641 1698
5602718 1699
5092706 1700
5812962 1701
5055977 1702
6399204 1703
15320 1704
5581547 1705
10226 1706
6220991 1707
5018321 1708
5320462 1709
5385332 1710
12223 1711
6563623 1712
5502065 1713
5035862 1714
9081 1715
5297958 1716
5353526 1717
5078335 1718
5569344 1719
5642454 1720
6246065 1721
5415587 1722
5279678 1723
5533219 1724
5240200 1725
5608453 1726
5549455 1727
5021353 1728
18848 1729
6291431 1730
12612 1731
12506 1732
5257361 1733
5505773 1734
5092728 1735
23444 1736
6884844 1737
5529342 1738
5022192 1739
5402777 1740
23676 1741
5001433 1742
1809 1743
5385720 1744
5348956 1745
6824827 1746
5545990 1747
5827246 1748
5535525 1749
5382508 1750
6360332 1751
6880805 1752
5217463 1753
136 1754
5001532 1755
6812524 1756
16272 1757
5755787 1758
5828346 1759
5693005 1760
10917 1761
6796382 1762
6701923 1763
5247688 1764
5606877 1765
5329249 1766
5298498 1767
5018466 1768
5091406 1769
6800028 1770
5242317 1771
11583 1772
5001857 1773
6199314 1774
5592035 1775
23289 1776
5241315 1777
5598784 1778
5025272 1779
5383746 1780
21867 1781
5243567 1782
5249283 1783
5567809 1784
5678478 1785
6353641 1786
18406 1787
6611151 1788
5536388 1789
5677664 1790
4903 1791
6854839 1792
5066309 1793
6766144 1794
6217334 1795
5019140 1796
5272476 1797
6742205 1798
5373936 1799
6650736 1800
5014115 1801
5591704 1802
5415714 1803
6743627 1804
5021331 1805
5609235 1806
5750745 1807
6423285 1808
6717735 1809
5542767 1810
5096953 1811
5001519 1812
5643590 1813
6850502 1814
5574697 1815
5240864 1816
6840906 1817
18872 1818
5318225 1819
5716490 1820
5030637 1821
5015447 1822
5451591 1823
5677070 1824
5380038 1825
5709900 1826
5291098 1827
5906772 1828
5270680 1829
5021457 1830
5003684 1831
5446520 1832
6221901 1833
6224127 1834
5003270 1835
11671 1836
6582939 1837
5026703 1838
21537 1839
6589436 1840
5642500 1841
5086054 1842
5080728 1843
5416112 1844
5269928 1845
3517 1846
22154 1847
5085346 1848
747 1849
6184960 1850
6434828 1851
10212 1852
5096419 1853
5002066 1854
5283761 1855
5525793 1856
5424574 1857
5542791 1858
6287172 1859
5035945 1860
5391117 1861
5412911 1862
5618817 1863
5096462 1864
5604335 1865
5831988 1866
5020613 1867
5598837 1868
5014428 1869
5303 1870
5246250 1871
5359914 1872
5655749 1873
5022282 1874
5493552 1875
6643484 1876
6208284 1877
5345788 1878
5721623 1879
5422090 1880
5055881 1881
6438935 1882
6618494 1883
5515557 1884
6506265 1885
5402732 1886
5383902 1887
5254488 1888
5012270 1889
5472579 1890
19425 1891
5300176 1892
6739200 1893
5066004 1894
5451952 1895
5026465 1896
5368234 1897
5191859 1898
6647220 1899
5090878 1900
5018029 1901
6221058 1902
6893624 1903
5533053 1904
5014995 1905
5985381 1906
6187495 1907
5316059 1908
6239 1909
5247778 1910
5387363 1911
5020054 1912
5596497 1913
5440695 1914
5485709 1915
5019133 1916
5977700 1917
5019304 1918
5879173 1919
5242250 1920
5478286 1921
5386584 1922
5802744 1923
18536 1924
5026579 1925
5636729 1926
5366658 1927
6452575 1928
5015372 1929
6460861 1930
5416157 1931
5856712 1932
5631273 1933
5571303 1934
5456306 1935
6452865 1936
5259317 1937
8062 1938
5045797 1939
5404198 1940
5275225 1941
5025989 1942
5466331 1943
6321565 1944
6092896 1945
6223988 1946
6519811 1947
6830986 1948
6651411 1949
5653535 1950
22535 1951
5085426 1952
11783 1953
5333332 1954
5207719 1955
5644272 1956
6467126 1957
6310942 1958
6816773 1959
14501 1960
5350804 1961
5815824 1962
5091143 1963
5001429 1964
6660546 1965
5702276 1966
5312252 1967
5640598 1968
5827983 1969
5458103 1970
5628077 1971
5331212 1972
6522877 1973
5016866 1974
5023548 1975
5020891 1976
5243051 1977
5394715 1978
6732020 1979
6845780 1980
5250029 1981
5776457 1982
5030742 1983
5186875 1984
5840955 1985
5002004 1986
10172 1987
5024662 1988
5011902 1989
5274861 1990
5450280 1991
5186856 1992
6594614 1993
5804563 1994
5630921 1995
5035994 1996
5736045 1997
5096168 1998
5003045 1999
6209762 2000
19395 2001
5665183 2002
8970 2003
5017157 2004
5248709 2005
6454810 2006
5244332 2007
5027298 2008
5093101 2009
6780168 2010
5353000 2011
5027261 2012
5581249 2013
6219802 2014
6093 2015
6866291 2016
5310646 2017
5374350 2018
5017281 2019
5014851 2020
5462519 2021
5035886 2022
5652111 2023
6271131 2024
5503807 2025
5085848 2026
5437203 2027
6088 2028
5000620 2029
5003163 2030
5366311 2031
5285546 2032
5202538 2033
6628021 2034
6405876 2035
5288082 2036
5698133 2037
6494559 2038
6691340 2039
5694117 2040
5078 2041
5295 2042
6476 2043
6818213 2044
5353037 2045
6235602 2046
5093399 2047
5576520 2048
6866433 2049
6702474 2050
5485626 2051
6581329 2052
5737 2053
5365437 2054
5016169 2055
5416811 2056
6852946 2057
6729329 2058
5387906 2059
5096889 2060
5248571 2061
14682 2062
5626664 2063
6782190 2064
5240873 2065
5670634 2066
5334526 2067
6871 2068
5253538 2069
5241477 2070
8378 2071
5379635 2072
6370535 2073
6208067 2074
19455 2075
5508086 2076
6850650 2077
5331626 2078
5002130 2079
5239041 2080
5092892 2081
6611452 2082
5019505 2083
6603187 2084
5367570 2085
16742 2086
14626 2087
5545290 2088
5018860 2089
5217854 2090
5322242 2091
6858865 2092
6164084 2093
5161851 2094
6698094 2095
5016358 2096
6640860 2097
22505 2098
6473913 2099
5485458 2100
6542612 2101
5246283 2102
6853881 2103
5501187 2104
5429735 2105
6414449 2106
6756337 2107
6749209 2108
5016738 2109
6458108 2110
5004 2111
6454905 2112
6618597 2113
5018831 2114
5706037 2115
14861 2116
6829585 2117
6300674 2118
5671740 2119
5342688 2120
5555863 2121
6291148 2122
5410541 2123
5345869 2124
5012100 2125
5016419 2126
14832 2127
5256034 2128
7609 2129
5808107 2130
5410177 2131
6741192 2132
5473859 2133
6608291 2134
5728655 2135
6830992 2136
6147976 2137
5001146 2138
5603026 2139
2588 2140
5538281 2141
6758379 2142
5202384 2143
5767750 2144
5015064 2145
5027469 2146
5000500 2147
5240455 2148
6880125 2149
5291535 2150
5323560 2151
5247889 2152
5454451 2153
6378906 2154
5050835 2155
5442252 2156
5487087 2157
5607039 2158
5020640 2159
5019845 2160
6746512 2161
5525179 2162
5263470 2163
5291051 2164
5404599 2165
5477772 2166
6643365 2167
5017215 2168
5002585 2169
5217153 2170
5647565 2171
5590684 2172
5020625 2173
5314438 2174
5431177 2175
5365662 2176
6844626 2177
5474795 2178
5019713 2179
5312661 2180
23 2181
6136900 2182
14561 2183
6319881 2184
5333304 2185
5277861 2186
5811168 2187
5018079 2188
5470056 2189
6153444 2190
5879281 2191
5636875 2192
19565 2193
6546993 2194
6778409 2195
5574325 2196
5013633 2197
5016911 2198
5751811 2199
5256964 2200
5331156 2201
5086061 2202
5001559 2203
5694406 2204
20792 2205
12845 2206
23216 2207
6843355 2208
5655857 2209
5379973 2210
5341858 2211
6753084 2212
5371657 2213
6759831 2214
18493 2215
10780 2216
5475726 2217
5208310 2218
5730406 2219
5080956 2220
5479734 2221
5018053 2222
6615845 2223
6231185 2224
5020817 2225
5697430 2226
13586 2227
5333656 2228
5322450 2229
5362774 2230
5000311 2231
5843359 2232
5345066 2233
6824315 2234
5000883 2235
5284267 2236
6689946 2237
5248618 2238
6605930 2239
5014618 2240
6668503 2241
5386527 2242
6231985 2243
5025674 2244
6474114 2245
6816341 2246
6685982 2247
5040951 2248
5030783 2249
6688272 2250
6887940 2251
6802333 2252
20055 2253
5435746 2254
3680 2255
6758309 2256
5016695 2257
5077100 2258
5345630 2259
5001491 2260
6426162 2261
5398137 2262
6654507 2263
5203171 2264
5018879 2265
22022 2266
5873538 2267
2628 2268
5491786 2269
5018785 2270
6596487 2271
5686953 2272
6391230 2273
5849597 2274
6822470 2275
5203230 2276
6476481 2277
5687298 2278
5369358 2279
5263426 2280
5352229 2281
5601124 2282
5126903 2283
5389575 2284
5016425 2285
22541 2286
22012 2287
5338717 2288
6846720 2289
6670039 2290
5470636 2291
5790028 2292
5002776 2293
5469687 2294
5414521 2295
5883 2296
6463025 2297
6453096 2298
5001736 2299
5071539 2300
5361895 2301
5297240 2302
5809768 2303
6334017 2304
5694123 2305
5347715 2306
5379469 2307
5348022 2308
5332748 2309
6472468 2310
6527685 2311
6716869 2312
5066870 2313
6580429 2314
5426615 2315
5634381 2316
18101 2317
5525010 2318
6746 2319
5285498 2320
5905883 2321
5003417 2322
5242340 2323
5748149 2324
5024394 2325
6585624 2326
5566076 2327
5078958 2328
5426776 2329
5281759 2330
5271940 2331
5090902 2332
5014296 2333
5011866 2334
5631968 2335
5001743 2336
5529391 2337
5330977 2338
6043266 2339
5018626 2340
6294710 2341
5615276 2342
5613291 2343
5238889 2344
6735269 2345
7060 2346
5002378 2347
13607 2348
5333957 2349
5409415 2350
5568989 2351
5046041 2352
6222383 2353
3897 2354
5018145 2355
5510910 2356
5253086 2357
5388935 2358
5474968 2359
5373366 2360
5018172 2361
4939 2362
5017576 2363
6223668 2364
6894652 2365
6209398 2366
5654285 2367
6294564 2368
5507221 2369
5474835 2370
13744 2371
6202957 2372
5412903 2373
5281127 2374
5805376 2375
5586956 2376
5570797 2377
5093137 2378
5754141 2379
22456 2380
5091901 2381
5436473 2382
5619976 2383
6568075 2384
5750924 2385
6221886 2386
6208030 2387
5352902 2388
5027437 2389
5636764 2390
5071656 2391
5499823 2392
5368905 2393
5577439 2394
5813182 2395
5476566 2396
5523825 2397
6092234 2398
5254873 2399
5001853 2400
5012982 2401
5025427 2402
5305183 2403
6213991 2404
23236 2405
5257358 2406
6691901 2407
5253829 2408
5093552 2409
5202724 2410
23065 2411
6688114 2412
5003259 2413
5342622 2414
5050869 2415
5026719 2416
5454588 2417
5012849 2418
20601 2419
5248411 2420
21922 2421
6376139 2422
6647513 2423
5820231 2424
5085584 2425
6735650 2426
6797772 2427
6683064 2428
5000126 2429
6896104 2430
4305 2431
6253727 2432
5617663 2433
6224842 2434
5071481 2435
6701676 2436
6929 2437
5616089 2438
6900073 2439
6215107 2440
6775869 2441
6373618 2442
5511569 2443
23596 2444
5369575 2445
8170 2446
842 2447
6752028 2448
2335 2449
6874550 2450
6712315 2451
9848 2452
6578971 2453
5013009 2454
5770646 2455
5256004 2456
5014665 2457
5392318 2458
5661469 2459
6873980 2460
6377217 2461
5022375 2462
5551379 2463
5041033 2464
5664073 2465
5683554 2466
5348636 2467
6833802 2468
5207671 2469
5493026 2470
5035722 2471
5571521 2472
3817 2473
13391 2474
5024424 2475
5091530 2476
5015465 2477
6413336 2478
5002594 2479
5208443 2480
6728272 2481
5018516 2482
6795346 2483
15714 2484
5717141 2485
6205113 2486
5482024 2487
6450212 2488
5329779 2489
22387 2490
18795 2491
6744150 2492
5494020 2493
5211844 2494
5024797 2495
6751089 2496
6882156 2497
8316 2498
6855394 2499
5630084 2500
5529766 2501
5572479 2502
5001573 2503
5643254 2504
6645904 2505
6778028 2506
5002213 2507
5737565 2508
6530602 2509
5025696 2510
6375311 2511
6889991 2512
5438380 2513
5313783 2514
5388186 2515
5986144 2516
7196 2517
5530251 2518
6478325 2519
6366506 2520
5615340 2521
5202449 2522
6561171 2523
6201700 2524
5392177 2525
5703194 2526
5271667 2527
5274 2528
5080217 2529
5017986 2530
45 2531
5511172 2532
21230 2533
5644570 2534
6368847 2535
5501366 2536
6605468 2537
5514704 2538
5390353 2539
6162222 2540
5021066 2541
6188981 2542
5278922 2543
5759284 2544
23158 2545
5430909 2546
5003276 2547
5018925 2548
5018296 2549
23413 2550
5003292 2551
6269535 2552
5767795 2553
5240451 2554
5404283 2555
5623801 2556
5455968 2557
5248676 2558
6712920 2559
5021254 2560
5078938 2561
5396796 2562
6522551 2563
5855396 2564
6756170 2565
2841 2566
5000758 2567
5217082 2568
6173310 2569
5013278 2570
6166860 2571
11901 2572
5509434 2573
6432062 2574
5826870 2575
5001138 2576
3343 2577
6403007 2578
5368168 2579
5284133 2580
4677 2581
5207774 2582
6432851 2583
18425 2584
5315673 2585
6852170 2586
5270109 2587
5370036 2588
6412883 2589
5045878 2590
6255222 2591
5658581 2592
22271 2593
6727557 2594
5549323 2595
18988 2596
5013452 2597
5537951 2598
12141 2599
5217380 2600
6157200 2601
20976 2602
6206304 2603
21469 2604
5405973 2605
5791893 2606
5438892 2607
5050855 2608
5640881 2609
5408852 2610
6778633 2611
5293062 2612
5785685 2613
5364134 2614
5609514 2615
18553 2616
6781514 2617
5416752 2618
6778641 2619
5208133 2620
5015000 2621
6377088 2622
6140113 2623
5344495 2624
5380801 2625
5223282 2626
5223547 2627
6409024 2628
6685311 2629
5066141 2630
5820186 2631
6439698 2632
6374718 2633
5077639 2634
6748 2635
3235 2636
5247572 2637
6710771 2638
6434362 2639
6857875 2640
5460305 2641
5018257 2642
5085359 2643
5714912 2644
5254771 2645
5080352 2646
6427757 2647
6017191 2648
5661061 2649
6173969 2650
6683339 2651
5071609 2652
5012964 2653
5269465 2654
5065842 2655
5252558 2656
5839382 2657
6840157 2658
5720884 2659
5027148 2660
12236 2661
7683 2662
5464378 2663
6043209 2664
5247906 2665
5241556 2666
6209414 2667
6804632 2668
16477 2669
5027310 2670
5066294 2671
6219528 2672
6240892 2673
5771229 2674
6513665 2675
5647417 2676
5000696 2677
6102360 2678
5423890 2679
6197656 2680
6668331 2681
5381307 2682
5693182 2683
6864027 2684
6167957 2685
6702035 2686
5722892 2687
5016654 2688
5294148 2689
5191943 2690
5018457 2691
5750446 2692
6610040 2693
5698075 2694
5243513 2695
4698 2696
5526226 2697
6408658 2698
6562051 2699
5411674 2700
6044343 2701
5066647 2702
5337153 2703
6177657 2704
5003538 2705
20458 2706
5380446 2707
6795468 2708
5331903 2709
10850 2710
5652115 2711
5017740 2712
5217254 2713
5307399 2714
17605 2715
5260202 2716
5778871 2717
6452013 2718
5529220 2719
5079473 2720
17410 2721
5026596 2722
5018413 2723
6646674 2724
6850636 2725
5542529 2726
5217250 2727
6690394 2728
5597715 2729
5312221 2730
5279260 2731
5586704 2732
5371617 2733
5601909 2734
6846122 2735
6876907 2736
6412051 2737
5602693 2738
5186890 2739
5552181 2740
5350632 2741
5373984 2742
5414934 2743
6722066 2744
5407746 2745
6702243 2746
6755984 2747
5496591 2748
6853095 2749
5019627 2750
5432910 2751
5846802 2752
5020147 2753
5621269 2754
5952692 2755
5286272 2756
6331761 2757
6795941 2758
5015382 2759
5335681 2760
5604945 2761
17308 2762
5001880 2763
21877 2764
5202338 2765
5076461 2766
5013851 2767
5294521 2768
5364173 2769
6450234 2770
5645952 2771
5460922 2772
14475 2773
9879 2774
5690767 2775
6830905 2776
9658 2777
6635181 2778
5586135 2779
6395735 2780
5343050 2781
5540439 2782
6171845 2783
5336141 2784
5779979 2785
6453103 2786
6890749 2787
5000755 2788
6779154 2789
5262536 2790
5453630 2791
6754091 2792
5590591 2793
5318091 2794
5703013 2795
7190 2796
5281713 2797
5240007 2798
5490572 2799
5336344 2800
9336 2801
5019930 2802
5446489 2803
5203068 2804
4145 2805
5019188 2806
6802292 2807
6429666 2808
5322655 2809
5935233 2810
5016949 2811
5853657 2812
5015645 2813
6439277 2814
5318908 2815
5630768 2816
6308134 2817
5096662 2818
5014404 2819
5757778 2820
5036146 2821
5410816 2822
5728245 2823
5678162 2824
5241354 2825
1897 2826
5001894 2827
5642871 2828
6694578 2829
5350221 2830
5023873 2831
5020045 2832
6878366 2833
5018069 2834
5796458 2835
16603 2836
5384356 2837
6166053 2838
5398012 2839
5217790 2840
23007 2841
5000220 2842
5662688 2843
5091595 2844
6596613 2845
6642401 2846
6832843 2847
5203308 2848
5241075 2849
6404573 2850
5540915 2851
5055898 2852
5208103 2853
13797 2854
5543263 2855
5621799 2856
5406070 2857
5763997 2858
5461996 2859
5515077 2860
5066638 2861
5526041 2862
5342556 2863
5325337 2864
5241071 2865
5313061 2866
5003328 2867
5364717 2868
23174 2869
6692844 2870
5302541 2871
6802048 2872
5026754 2873
1698 2874
5633278 2875
5333486 2876
6403035 2877
5602177 2878
5013630 2879
5019811 2880
17615 2881
5027364 2882
5349776 2883
6661465 2884
5423303 2885
5348038 2886
5520826 2887
6864207 2888
5670427 2889
18565 2890
5002363 2891
6738963 2892
5021202 2893
5296673 2894
5820063 2895
3318 2896
5412155 2897
5327306 2898
5374295 2899
5022037 2900
6212534 2901
5211969 2902
6203697 2903
5478189 2904
17496 2905
6666075 2906
5018716 2907
6884550 2908
6441582 2909
4454 2910
6169266 2911
5353345 2912
5522492 2913
6535491 2914
5015773 2915
5308597 2916
6216938 2917
5011802 2918
5011845 2919
6163519 2920
5022006 2921
5606487 2922
6750040 2923
5022170 2924
11996 2925
5022035 2926
5003370 2927
5564619 2928
5377552 2929
6367492 2930
5799693 2931
5015654 2932
6646502 2933
6831875 2934
15582 2935
6695897 2936
5322955 2937
6567964 2938
6731397 2939
5459 2940
6561703 2941
17665 2942
17036 2943
5318746 2944
5593140 2945
5389527 2946
5716172 2947
4435 2948
6636900 2949
6595205 2950
5313404 2951
5566128 2952
5610575 2953
6634682 2954
6376917 2955
5092840 2956
5841640 2957
6669556 2958
5001862 2959
6319316 2960
5411733 2961
5335894 2962
6443562 2963
16642 2964
5066183 2965
5096829 2966
5274064 2967
5784442 2968
5046191 2969
5316044 2970
5624348 2971
5055943 2972
5092574 2973
5080418 2974
5247750 2975
5302758 2976
5797317 2977
6208957 2978
5002837 2979
5271021 2980
6466888 2981
5092078 2982
6654302 2983
5331868 2984
5250849 2985
5255156 2986
6289131 2987
5093358 2988
6423871 2989
22983 2990
5338175 2991
5656260 2992
5019065 2993
5457044 2994
5328224 2995
6278964 2996
5873004 2997
5296801 2998
5451748 2999
18442 3000
5641463 3001
3369 3002
10884 3003
5353131 3004
5259669 3005
5589094 3006
6214939 3007
5350344 3008
5026286 3009
5003475 3010
5002543 3011
5003512 3012
6663588 3013
5601982 3014
5055879 3015
6396178 3016
18928 3017
6891381 3018
6245588 3019
6740155 3020
5575609 3021
5095856 3022
5312069 3023
6023300 3024
5011912 3025
5379299 3026
6005265 3027
6852771 3028
6717301 3029
5015690 3030
6878374 3031
5368552 3032
5663188 3033
6496181 3034
5339505 3035
5002965 3036
5003083 3037
5659783 3038
4011 3039
5579300 3040
5092960 3041
5241203 3042
5092657 3043
18664 3044
5671437 3045
5001041 3046
6231645 3047
5076662 3048
5258003 3049
6460575 3050
5618067 3051
5091135 3052
5046049 3053
21595 3054
5280540 3055
2754 3056
5377739 3057
5001353 3058
5450992 3059
5431221 3060
5202189 3061
5347192 3062
6552591 3063
6230813 3064
5466002 3065
5021700 3066
5018792 3067
5463587 3068
5085349 3069
6324660 3070
5619508 3071
5472474 3072
5080147 3073
17543 3074
6419854 3075
5360557 3076
5295459 3077
5534073 3078
5604409 3079
5478177 3080
5046096 3081
5303945 3082
5326632 3083
5302628 3084
6805406 3085
2698 3086
5535857 3087
5202792 3088
5021188 3089
5383852 3090
23249 3091
5255134 3092
5027470 3093
5001205 3094
6582358 3095
6878400 3096
5764692 3097
6241582 3098
6377022 3099
7813 3100
6752992 3101
5326499 3102
5712471 3103
5478025 3104
6760153 3105
5023993 3106
5764135 3107
6436825 3108
6729631 3109
5106801 3110
5341246 3111
5413600 3112
16615 3113
5171853 3114
5207830 3115
5096328 3116
5025910 3117
6291670 3118
6716308 3119
6371299 3120
5015745 3121
5080545 3122
5347886 3123
5894 3124
6225391 3125
5334344 3126
5556 3127
5452872 3128
5027572 3129
5485599 3130
6853848 3131
5258062 3132
6194233 3133
5003505 3134
6855352 3135
5003754 3136
6520248 3137
5790132 3138
5001393 3139
5669418 3140
5001179 3141
5003195 3142
5402728 3143
5507495 3144
5329085 3145
5046129 3146
5003352 3147
5954627 3148
16546 3149
5191945 3150
5565905 3151
6559559 3152
6285461 3153
5077584 3154
18671 3155
5093569 3156
5815941 3157
6847439 3158
5633987 3159
5026159 3160
5076588 3161
5802710 3162
6246090 3163
5474173 3164
22279 3165
6894890 3166
6656787 3167
22347 3168
5025866 3169
5707354 3170
5003446 3171
1170 3172
6646083 3173
5126882 3174
5216935 3175
6661077 3176
6174730 3177
5308285 3178
15540 3179
20081 3180
6507114 3181
5541378 3182
5020603 3183
6780058 3184
5016223 3185
5240897 3186
5247221 3187
6612955 3188
6283642 3189
5314452 3190
5299277 3191
5413300 3192
5635451 3193
5702327 3194
5372703 3195
24 3196
5523895 3197
6569705 3198
5344342 3199
6423022 3200
6657499 3201
5040604 3202
5512121 3203
6669524 3204
6232075 3205
5325198 3206
6377715 3207
6528521 3208
6748799 3209
5273221 3210
5318023 3211
5457986 3212
6323918 3213
5839217 3214
6472294 3215
5763341 3216
5464906 3217
5538091 3218
6170877 3219
5025812 3220
5416848 3221
5019356 3222
6147330 3223
5027154 3224
5499901 3225
7852 3226
5207763 3227
5025874 3228
5606101 3229
6231017 3230
5432003 3231
5000242 3232
15157 3233
6858056 3234
5025801 3235
5505850 3236
6440307 3237
6885077 3238
5280313 3239
5317024 3240
3826 3241
5334775 3242
5592811 3243
5388750 3244
5238679 3245
5331277 3246
6654086 3247
5019839 3248
5016586 3249
5289059 3250
6402134 3251
5926934 3252
6215017 3253
6225648 3254
6443945 3255
3386 3256
6581613 3257
5091695 3258
6743330 3259
5374714 3260
5012269 3261
6185895 3262
6835060 3263
6752066 3264
5261620 3265
5035582 3266
6603580 3267
6506699 3268
6365966 3269
5467985 3270
6424422 3271
6290284 3272
5355 3273
5040864 3274
20164 3275
15731 3276
5026672 3277
5499342 3278
5085343 3279
5776539 3280
5093546 3281
5017460 3282
5270462 3283
13864 3284
6146302 3285
5093772 3286
5691572 3287
5012998 3288
5003441 3289
22308 3290
6213579 3291
5203314 3292
5016387 3293
5382740 3294
5027487 3295
5012380 3296
5645474 3297
6880889 3298
6191281 3299
5433661 3300
5245328 3301
5246899 3302
5568844 3303
18364 3304
5328645 3305
5040619 3306
6889612 3307
6212982 3308
5326898 3309
9982 3310
6448877 3311
5691168 3312
5339622 3313
5475839 3314
5040928 3315
5554570 3316
6856387 3317
5288843 3318
5085743 3319
5022522 3320
5453205 3321
5597011 3322
6842893 3323
5633390 3324
5263785 3325
5022534 3326
6768925 3327
5212112 3328
5478648 3329
5002380 3330
5040660 3331
5363114 3332
5000818 3333
5520971 3334
5012148 3335
5001077 3336
5511221 3337
5271740 3338
6776512 3339
5327078 3340
6439681 3341
5017292 3342
20492 3343
5552502 3344
5759610 3345
6625623 3346
6604523 3347
6302297 3348
5523320 3349
6205801 3350
6790268 3351
5239284 3352
5079928 3353
5203220 3354
21284 3355
5297480 3356
6397147 3357
5191916 3358
5504564 3359
6505745 3360
5241526 3361
5079786 3362
5248082 3363
5092718 3364
6751200 3365
5079076 3366
6711452 3367
5458079 3368
5274375 3369
6248179 3370
5339071 3371
5493809 3372
6786736 3373
5080978 3374
6778369 3375
6301096 3376
5633146 3377
5664158 3378
5023890 3379
5749494 3380
5036202 3381
5367640 3382
5438307 3383
5456694 3384
5301913 3385
5261008 3386
5587751 3387
6735325 3388
6167138 3389
20776 3390
6860710 3391
6149176 3392
5293643 3393
6702485 3394
6354948 3395
6843124 3396
5263072 3397
6805327 3398
5013637 3399
5551782 3400
6882625 3401
5593125 3402
6539421 3403
5705404 3404
6787939 3405
5000047 3406
6185324 3407
5096060 3408
5001302 3409
22589 3410
6406995 3411
6023030 3412
5085934 3413
5016560 3414
5847114 3415
5241292 3416
6769405 3417
5017013 3418
14085 3419
6701 3420
5092837 3421
5456850 3422
5016608 3423
6728386 3424
5336662 3425
5520448 3426
6155456 3427
6858994 3428
5533189 3429
5353170 3430
5021706 3431
5035733 3432
6260598 3433
5683978 3434
6424521 3435
6696039 3436
6288851 3437
5015924 3438
5238976 3439
6824143 3440
5026536 3441
5420 3442
19608 3443
5396997 3444
6196002 3445
5396479 3446
5318403 3447
5000092 3448
5284850 3449
5012537 3450
5020884 3451
5511162 3452
6872661 3453
5602981 3454
15174 3455
3001 3456
2998 3457
5369761 3458
5455118 3459
6243305 3460
5389183 3461
5442446 3462
19344 3463
6406069 3464
5390322 3465
6780156 3466
5316400 3467
5353564 3468
5429808 3469
5000560 3470
6766737 3471
5217516 3472
5610595 3473
5781280 3474
5000735 3475
5288179 3476
5040831 3477
6666469 3478
5021931 3479
5065889 3480
6670209 3481
5046175 3482
5318989 3483
5275540 3484
5473900 3485
5498542 3486
5019296 3487
5320099 3488
6800001 3489
5246829 3490
5502505 3491
5003180 3492
5242172 3493
5577220 3494
6834218 3495
5656107 3496
5688220 3497
5013179 3498
5579650 3499
5018489 3500
5584168 3501
15442 3502
5002135 3503
5364984 3504
6366771 3505
6635472 3506
5304402 3507
5481357 3508
5397259 3509
5413007 3510
5654771 3511
6243934 3512
5260793 3513
5670147 3514
2854 3515
5208102 3516
5244121 3517
9975 3518
5369291 3519
6783582 3520
6701946 3521
5239101 3522
5022480 3523
6724659 3524
5526063 3525
6042546 3526
5415070 3527
5559604 3528
5202052 3529
5014293 3530
5994186 3531
5013071 3532
6860859 3533
6870557 3534
5027134 3535
5855231 3536
6156632 3537
6673085 3538
6162374 3539
5820439 3540
5321710 3541
5126928 3542
3748 3543
5706252 3544
6664861 3545
5022551 3546
5207685 3547
6716822 3548
6253230 3549
5027146 3550
5280425 3551
5670298 3552
5693660 3553
6531382 3554
5026329 3555
5648954 3556
5304839 3557
5797423 3558
5276833 3559
5615991 3560
6199054 3561
6376033 3562
5035998 3563
5260461 3564
6751685 3565
6211093 3566
5653655 3567
5412100 3568
5036218 3569
6505982 3570
5019888 3571
6756917 3572
6200493 3573
5954095 3574
5534776 3575
5012563 3576
5262818 3577
9093 3578
8080 3579
5340964 3580
5298530 3581
5244465 3582
19625 3583
9147 3584
6300909 3585
6751524 3586
5011840 3587
6618212 3588
5497678 3589
5396106 3590
5002520 3591
5071517 3592
6687861 3593
5077626 3594
5012948 3595
6143424 3596
14855 3597
5719974 3598
6895556 3599
5325538 3600
5040899 3601
5367753 3602
5817960 3603
5001690 3604
5330267 3605
6209214 3606
5011908 3607
7254 3608
5022350 3609
5255253 3610
5664202 3611
18606 3612
6615749 3613
5021032 3614
5280498 3615
5578305 3616
16949 3617
6224941 3618
6351173 3619
5421792 3620
5202315 3621
5001483 3622
5014345 3623
5697602 3624
5415146 3625
6725762 3626
5437113 3627
6318353 3628
6449193 3629
6498214 3630
5334241 3631
6170276 3632
5002913 3633
20229 3634
6139664 3635
5055897 3636
5697579 3637
5624457 3638
5026613 3639
16541 3640
5964893 3641
18130 3642
5080127 3643
6253053 3644
17947 3645
5330683 3646
5240143 3647
6780633 3648
5001428 3649
5085462 3650
5441621 3651
6642740 3652
21638 3653
5439885 3654
20471 3655
6429457 3656
5431789 3657
5584696 3658
11979 3659
5592334 3660
5246579 3661
5247608 3662
6420096 3663
5013488 3664
5171874 3665
5597511 3666
6436001 3667
5026576 3668
6713336 3669
7553 3670
6865253 3671
5211909 3672
21635 3673
5046112 3674
6699059 3675
5071699 3676
5372101 3677
5251166 3678
6139449 3679
5411497 3680
5501756 3681
6575 3682
6255504 3683
5046134 3684
5126822 3685
4099 3686
5330811 3687
5002576 3688
5293463 3689
6456362 3690
5025463 3691
6397576 3692
6211657 3693
6577281 3694
6448629 3695
6461849 3696
5803770 3697
5380764 3698
7839 3699
5238923 3700
5335693 3701
5442765 3702
5202130 3703
6194123 3704
5000222 3705
6862279 3706
6218003 3707
6737129 3708
5013856 3709
6717041 3710
5025923 3711
6209332 3712
6208925 3713
6735335 3714
5240599 3715
5002689 3716
5430786 3717
5717599 3718
6618026 3719
5518667 3720
22068 3721
15861 3722
6737017 3723
5634787 3724
5002407 3725
6460751 3726
5730742 3727
5609841 3728
5275778 3729
5414179 3730
5002989 3731
5247578 3732
5503629 3733
5611478 3734
6695753 3735
6184164 3736
5002161 3737
5092360 3738
6467187 3739
6462099 3740
5079144 3741
17208 3742
5840413 3743
5333104 3744
5559883 3745
6883906 3746
5326581 3747
6878199 3748
5240970 3749
6790827 3750
6218203 3751
6206716 3752
5228340 3753
5599793 3754
5196874 3755
5378770 3756
6203210 3757
5019180 3758
1807 3759
5329099 3760
5602997 3761
5085725 3762
5332885 3763
5040987 3764
5353220 3765
5624038 3766
5644402 3767
6804694 3768
5581363 3769
5207765 3770
12821 3771
5017609 3772
6417425 3773
5607108 3774
5650838 3775
5021555 3776
5490737 3777
5564447 3778
19570 3779
5971856 3780
5270678 3781
5574256 3782
6420098 3783
5012426 3784
1692 3785
5285069 3786
5290414 3787
5295877 3788
6437595 3789
5393355 3790
5217259 3791
5366599 3792
5388779 3793
5228218 3794
6578418 3795
6694963 3796
5334546 3797
6213088 3798
5016317 3799
5090809 3800
6473898 3801
6167153 3802
5625932 3803
5085850 3804
5019432 3805
5026742 3806
6869878 3807
5016810 3808
2300 3809
5403139 3810
5036242 3811
5318932 3812
16938 3813
5362360 3814
6630905 3815
6635386 3816
5389937 3817
5507218 3818
5475218 3819
6391040 3820
6888951 3821
6859080 3822
5096257 3823
5384786 3824
5781064 3825
11325 3826
5464205 3827
5065919 3828
6638271 3829
6704906 3830
5511950 3831
5441449 3832
5269811 3833
5671564 3834
5247923 3835
5658720 3836
6850163 3837
5326862 3838
18860 3839
6222117 3840
5351293 3841
14110 3842
6893960 3843
5552581 3844
6653222 3845
5716523 3846
5579538 3847
5260291 3848
5550055 3849
5330598 3850
5079513 3851
6779195 3852
5565030 3853
5580277 3854
5575642 3855
5341998 3856
6593927 3857
5207843 3858
5257997 3859
5616053 3860
5780729 3861
6241665 3862
6245043 3863
6722377 3864
6225947 3865
5035604 3866
5015764 3867
5240548 3868
5085666 3869
5290760 3870
20663 3871
5525420 3872
5000638 3873
5433982 3874
5326218 3875
5000443 3876
6179080 3877
5208031 3878
5387366 3879
5303269 3880
5116955 3881
6265235 3882
5027271 3883
5003145 3884
6692766 3885
6322806 3886
6518541 3887
5019904 3888
5699284 3889
5569296 3890
5473058 3891
6220063 3892
5502046 3893
6253630 3894
12235 3895
20353 3896
6530650 3897
5731177 3898
5389682 3899
15110 3900
5494298 3901
6272911 3902
5625800 3903
5338981 3904
5549954 3905
5481093 3906
10992 3907
14779 3908
5003492 3909
20232 3910
5351504 3911
13636 3912
5480572 3913
6401507 3914
5036112 3915
6600411 3916
5378959 3917
5488003 3918
5695049 3919
5382825 3920
5254598 3921
6202044 3922
5018008 3923
5378821 3924
5589377 3925
5066823 3926
5091097 3927
5782256 3928
5000684 3929
5022305 3930
5465578 3931
5388766 3932
5091290 3933
6825635 3934
5550721 3935
5576456 3936
5613482 3937
5015739 3938
5081067 3939
5093097 3940
6433788 3941
5076524 3942
5253048 3943
5323565 3944
5571641 3945
5690889 3946
6417607 3947
5537941 3948
5790340 3949
6473720 3950
5090910 3951
6471685 3952
5504076 3953
5450820 3954
2875 3955
6169589 3956
14744 3957
5476800 3958
6830048 3959
5951201 3960
6497051 3961
3788 3962
5020279 3963
14233 3964
6652534 3965
5589613 3966
6838035 3967
5631888 3968
6545840 3969
5239782 3970
5239676 3971
5003705 3972
6733652 3973
5026191 3974
5688749 3975
5426706 3976
5656934 3977
6689352 3978
5618 3979
6176871 3980
5422143 3981
6477149 3982
6424010 3983
5241035 3984
6269078 3985
5633165 3986
6738203 3987
6806384 3988
5725050 3989
5093498 3990
14051 3991
5585181 3992
6317453 3993
5086154 3994
5599992 3995
5060820 3996
6891122 3997
5019983 3998
5697018 3999
6873003 4000
5408225 4001
5493657 4002
6206220 4003
6232322 4004
6421517 4005
5019677 4006
5471359 4007
11227 4008
5092880 4009
20496 4010
5512425 4011
5510080 4012
5000394 4013
6683044 4014
6745884 4015
5712450 4016
5271960 4017
5045972 4018
5027473 4019
5046127 4020
5631905 4021
6874204 4022
5250392 4023
5571837 4024
5305389 4025
5447398 4026
5446748 4027
5014989 4028
16669 4029
5318208 4030
5814197 4031
5519623 4032
6185125 4033
15316 4034
5045897 4035
5014872 4036
6856113 4037
5023507 4038
5619032 4039
6555000 4040
6193552 4041
6833727 4042
5533603 4043
6781956 4044
5364656 4045
5470657 4046
21592 4047
5026033 4048
5431433 4049
5269580 4050
5254027 4051
5531245 4052
5202577 4053
6256787 4054
5014461 4055
5394668 4056
5280771 4057
6741170 4058
5815127 4059
5482431 4060
17106 4061
19966 4062
6617989 4063
5093768 4064
8206 4065
5345005 4066
19311 4067
6831323 4068
6647062 4069
5757478 4070
5202487 4071
5096942 4072
6405519 4073
8172 4074
6752198 4075
6559934 4076
5076565 4077
5391201 4078
6466513 4079
5093275 4080
5000781 4081
5023460 4082
12971 4083
5025150 4084
5352779 4085
5342045 4086
5534605 4087
5186846 4088
6174720 4089
5001050 4090
6714785 4091
5541039 4092
6498527 4093
5359572 4094
5085677 4095
5026011 4096
14200 4097
5041048 4098
6150272 4099
14256 4100
5334651 4101
8684 4102
5482412 4103
5253096 4104
5301762 4105
5714219 4106
5303464 4107
5735532 4108
5381213 4109
6184728 4110
5345127 4111
6496249 4112
5692722 4113
5262587 4114
5055843 4115
5809049 4116
5352617 4117
6409460 4118
5854914 4119
6661912 4120
6830511 4121
7646 4122
5208225 4123
5458377 4124
5540925 4125
6161004 4126
5580589 4127
21050 4128
6895524 4129
5279569 4130
5784110 4131
5393060 4132
5000342 4133
5793351 4134
5001774 4135
14193 4136
5465667 4137
5414790 4138
5414364 4139
4636 4140
5770793 4141
5600272 4142
5285637 4143
6857381 4144
5002703 4145
5506592 4146
6561179 4147
5493464 4148
6614064 4149
4156 4150
5442786 4151
5203228 4152
5718241 4153
5447660 4154
5261510 4155
6304539 4156
5002456 4157
6820216 4158
5457029 4159
5040914 4160
5217966 4161
5350890 4162
6232085 4163
5351253 4164
5630446 4165
5285234 4166
6170741 4167
5475177 4168
5332676 4169
5613941 4170
5002475 4171
5311952 4172
16505 4173
5025204 4174
6750576 4175
6336632 4176
5025588 4177
6437255 4178
5151824 4179
6450074 4180
5268872 4181
5026497 4182
5370916 4183
15405 4184
5358660 4185
5286588 4186
5242265 4187
5489345 4188
5288177 4189
5025486 4190
23148 4191
6861309 4192
5498248 4193
6872438 4194
5018919 4195
6241537 4196
10307 4197
5402968 4198
6805476 4199
5085416 4200
6230899 4201
5482331 4202
5242671 4203
5670188 4204
5439878 4205
5297955 4206
5030745 4207
6691451 4208
5151822 4209
5459724 4210
5481674 4211
6690293 4212
16946 4213
5096519 4214
6317063 4215
10203 4216
5629630 4217
5304623 4218
12158 4219
5001814 4220
5473540 4221
5035572 4222
5011839 4223
5777843 4224
20917 4225
6887009 4226
6474620 4227
5637549 4228
6539681 4229
5217684 4230
5020096 4231
5003731 4232
6202288 4233
5313831 4234
4343 4235
6220775 4236
5021448 4237
5021154 4238
6855417 4239
6674451 4240
6206870 4241
5055829 4242
5745440 4243
12281 4244
5496966 4245
6743447 4246
23187 4247
5539835 4248
5773758 4249
6708159 4250
6218348 4251
5606143 4252
5719202 4253
6811202 4254
5240877 4255
5336773 4256
5574030 4257
802 4258
21918 4259
5472084 4260
5021586 4261
6224 4262
5090898 4263
5000199 4264
18035 4265
5014978 4266
6184826 4267
5341135 4268
6845148 4269
5478032 4270
5252569 4271
6320122 4272
13167 4273
6552447 4274
5618807 4275
6374116 4276
5001930 4277
6559419 4278
6390014 4279
6239059 4280
5785968 4281
20463 4282
6207977 4283
5334418 4284
5630245 4285
5643371 4286
5018125 4287
5241344 4288
6859830 4289
6758896 4290
5348909 4291
5545572 4292
6581444 4293
6238900 4294
5078423 4295
5632815 4296
3846 4297
5021621 4298
7598 4299
5753511 4300
6175258 4301
5021406 4302
5498496 4303
6854453 4304
4507 4305
6722005 4306
19689 4307
6884301 4308
19911 4309
5796827 4310
5516690 4311
6024443 4312
6731189 4313
5096540 4314
5627049 4315
5552398 4316
6757552 4317
5080893 4318
6043768 4319
5352945 4320
5027263 4321
5433223 4322
5014430 4323
12765 4324
6593066 4325
5360162 4326
6639882 4327
5359606 4328
5240310 4329
6446152 4330
5076446 4331
5022889 4332
5001479 4333
5649426 4334
6675330 4335
5699516 4336
5643475 4337
2853 4338
5388127 4339
5805660 4340
5510775 4341
6290052 4342
5481960 4343
5370623 4344
5737466 4345
6458502 4346
6207043 4347
5316195 4348
5013174 4349
5344924 4350
5022541 4351
6852153 4352
6526351 4353
6784650 4354
6222733 4355
10968 4356
5211882 4357
6795988 4358
6345927 4359
5364593 4360
5263205 4361
5020559 4362
6885406 4363
5096295 4364
5247300 4365
5013383 4366
5440179 4367
5891 4368
6425824 4369
6853476 4370
5001260 4371
5530345 4372
5239679 4373
6397421 4374
6470086 4375
5170 4376
5341472 4377
5659330 4378
5223841 4379
5372253 4380
5026664 4381
6219525 4382
5023036 4383
2385 4384
5050856 4385
5284551 4386
6703676 4387
5247031 4388
5217074 4389
5657320 4390
5649437 4391
5247505 4392
6628660 4393
5650117 4394
6161018 4395
5066817 4396
5490055 4397
5379754 4398
5017504 4399
5515607 4400
5012386 4401
5567183 4402
5359767 4403
5322791 4404
5217980 4405
5239246 4406
6411362 4407
5577124 4408
5341284 4409
5096231 4410
6232809 4411
6845273 4412
23259 4413
5016594 4414
6457223 4415
6658557 4416
5315183 4417
5020859 4418
6830930 4419
5377558 4420
6711865 4421
5071674 4422
6207059 4423
5020036 4424
18941 4425
5530202 4426
6794791 4427
5505555 4428
23616 4429
4067 4430
6200027 4431
5018839 4432
5025285 4433
6161720 4434
5918777 4435
6356389 4436
5258090 4437
13010 4438
55 4439
5307595 4440
5471046 4441
6841809 4442
5719918 4443
5020893 4444
8958 4445
5035969 4446
5757587 4447
6290957 4448
5326671 4449
6736907 4450
5019046 4451
5035798 4452
5691 4453
5013 4454
15074 4455
5754501 4456
5003324 4457
5596696 4458
5450849 4459
5085503 4460
5328860 4461
5066675 4462
5800151 4463
5502918 4464
5663726 4465
5001739 4466
5593419 4467
5186837 4468
6517688 4469
5096806 4470
5325149 4471
5033 4472
6672881 4473
5086100 4474
5240645 4475
6552709 4476
6820796 4477
6602655 4478
5027277 4479
5018629 4480
5566929 4481
5555602 4482
5066765 4483
6788991 4484
6459594 4485
5306383 4486
5288452 4487
5217224 4488
5336690 4489
5423318 4490
6602615 4491
6800029 4492
6468460 4493
5001969 4494
6473523 4495
5338640 4496
6810361 4497
6192477 4498
5013640 4499
5019875 4500
5241280 4501
5392289 4502
5318952 4503
5095793 4504
5281569 4505
6200619 4506
5373083 4507
5092019 4508
6595777 4509
5258495 4510
6588379 4511
5026184 4512
6646295 4513
5491010 4514
6759284 4515
5208058 4516
5545847 4517
6346267 4518
5394365 4519
5223809 4520
5020334 4521
5020084 4522
23185 4523
6690494 4524
5241792 4525
6783101 4526
1500 4527
5296797 4528
383 4529
6513601 4530
5512826 4531
18248 4532
6886864 4533
5506326 4534
5423239 4535
5382428 4536
6874192 4537
5411834 4538
5036256 4539
5820937 4540
5544581 4541
5317288 4542
5476169 4543
5579719 4544
5292020 4545
6450071 4546
5311401 4547
5637289 4548
5332859 4549
6601868 4550
5217815 4551
5411575 4552
5026607 4553
5607612 4554
6190874 4555
5014438 4556
5101880 4557
6878186 4558
4244 4559
6616277 4560
5019344 4561
16936 4562
6860331 4563
13853 4564
6938 4565
6588863 4566
6466101 4567
5017887 4568
5482719 4569
5358757 4570
5223603 4571
5575371 4572
5000320 4573
6471672 4574
5018875 4575
5026776 4576
6459776 4577
6691503 4578
5085785 4579
5517684 4580
5379908 4581
5509332 4582
19415 4583
5246528 4584
5020498 4585
5022199 4586
5343296 4587
6521460 4588
6773670 4589
10218 4590
40 4591
5001841 4592
15810 4593
5025592 4594
23074 4595
5013095 4596
6198148 4597
5532461 4598
5208130 4599
5432083 4600
5308378 4601
5203131 4602
20469 4603
5244449 4604
5648141 4605
5686822 4606
23196 4607
6343765 4608
5597882 4609
5524842 4610
6463906 4611
6219029 4612
5000051 4613
5497467 4614
12921 4615
6542585 4616
5092152 4617
5096288 4618
5616723 4619
5336013 4620
5323971 4621
5263322 4622
5162008 4623
6144929 4624
5212060 4625
6457531 4626
6619116 4627
6304929 4628
5021807 4629
5080983 4630
5752167 4631
3513 4632
5640750 4633
6800944 4634
5402693 4635
5208063 4636
5371 4637
5021209 4638
5650499 4639
5552490 4640
6688167 4641
6617328 4642
5026242 4643
5027517 4644
5480137 4645
5583017 4646
5440591 4647
5555913 4648
6220104 4649
5621043 4650
5838010 4651
6308686 4652
5567856 4653
6248607 4654
5030692 4655
19085 4656
6609 4657
5529368 4658
5050885 4659
5026908 4660
5433745 4661
14876 4662
5704923 4663
5636891 4664
5545576 4665
6367664 4666
5238873 4667
5260489 4668
7351 4669
5092374 4670
5511176 4671
6446991 4672
5045990 4673
5780420 4674
6199941 4675
6393481 4676
6530034 4677
5012645 4678
5603029 4679
5347743 4680
6748812 4681
5373212 4682
5161854 4683
8803 4684
5520266 4685
5055819 4686
9152 4687
5410635 4688
5092015 4689
6523855 4690
6849221 4691
5202451 4692
5240976 4693
5001397 4694
8674 4695
6891180 4696
4295 4697
6500445 4698
20135 4699
5001177 4700
6797766 4701
6845153 4702
6626454 4703
5615770 4704
5997493 4705
5373274 4706
5782790 4707
6177620 4708
6212039 4709
6423152 4710
5027560 4711
6672526 4712
5003019 4713
5634736 4714
6618211 4715
10991 4716
6583052 4717
5030751 4718
5000287 4719
5998274 4720
5640155 4721
6821535 4722
6194104 4723
5277042 4724
5839312 4725
6184090 4726
6281700 4727
6864647 4728
6851095 4729
6618142 4730
5647046 4731
5019513 4732
5470165 4733
5537651 4734
5533279 4735
5085393 4736
5374536 4737
6786865 4738
6552947 4739
5369396 4740
5040824 4741
5025694 4742
5341399 4743
6319849 4744
5012002 4745
5001674 4746
5203293 4747
23055 4748
6513870 4749
5746380 4750
6496700 4751
5012361 4752
5583302 4753
5669850 4754
5786498 4755
5260652 4756
5091785 4757
5554342 4758
21821 4759
5354848 4760
5239021 4761
5277178 4762
5452312 4763
10783 4764
5003625 4765
6745078 4766
5013563 4767
5332070 4768
22855 4769
6217853 4770
5023166 4771
6152936 4772
5017912 4773
6836570 4774
5739621 4775
5295783 4776
5393877 4777
5840262 4778
5260048 4779
5092950 4780
5262958 4781
5080981 4782
5085657 4783
6469822 4784
5670276 4785
5383770 4786
5608306 4787
5248572 4788
5435149 4789
5096274 4790
5809862 4791
21657 4792
5036226 4793
5755037 4794
6690366 4795
6205125 4796
6643236 4797
6197855 4798
5240969 4799
4794 4800
6421325 4801
5659675 4802
5021514 4803
5384509 4804
5080041 4805
6791962 4806
5496122 4807
5322164 4808
6534929 4809
5475952 4810
5500334 4811
5329150 4812
4738 4813
5079230 4814
5776014 4815
5017302 4816
6880488 4817
5691592 4818
5223275 4819
5023456 4820
6354980 4821
17692 4822
3358 4823
5019008 4824
5393132 4825
11555 4826
6489389 4827
5621609 4828
6775406 4829
6368802 4830
6527845 4831
5784644 4832
6699566 4833
6318281 4834
5326889 4835
5085560 4836
5211962 4837
5554670 4838
6101464 4839
5250564 4840
5644481 4841
5020659 4842
5085681 4843
5280395 4844
21879 4845
6613270 4846
5406322 4847
6524016 4848
5511544 4849
17101 4850
5394487 4851
6888593 4852
5244686 4853
5431811 4854
5255275 4855
5365777 4856
5696438 4857
6243535 4858
5447706 4859
6026196 4860
6426147 4861
5374422 4862
5324791 4863
5012366 4864
5030684 4865
5003323 4866
5102047 4867
6751010 4868
5249238 4869
5807263 4870
5717501 4871
5290480 4872
9507 4873
5065802 4874
15971 4875
6840624 4876
6525585 4877
5436714 4878
11766 4879
6197212 4880
6293858 4881
6170768 4882
6213507 4883
5040733 4884
5631894 4885
5565371 4886
5495570 4887
5026373 4888
5368742 4889
22403 4890
5314169 4891
5246873 4892
5085308 4893
5211876 4894
6217016 4895
22771 4896
5015974 4897
5723822 4898
5325668 4899
5774361 4900
5608754 4901
5324419 4902
6419938 4903
9263 4904
5022261 4905
5297401 4906
5324112 4907
5379241 4908
6157866 4909
5708369 4910
5202575 4911
5664178 4912
5313029 4913
5366758 4914
5244950 4915
5505847 4916
6434072 4917
6699240 4918
6842614 4919
5635596 4920
5202425 4921
5116798 4922
6192483 4923
5384534 4924
5271540 4925
6818102 4926
5001761 4927
5514932 4928
6891190 4929
6225318 4930
5077810 4931
5804106 4932
6598259 4933
6190366 4934
20856 4935
6455817 4936
5451348 4937
17930 4938
5514405 4939
6731415 4940
5388974 4941
6661277 4942
5289070 4943
5589069 4944
6195721 4945
5431765 4946
5546728 4947
5431205 4948
5091379 4949
5399028 4950
6483804 4951
5026772 4952
6045530 4953
6148801 4954
5223273 4955
14485 4956
5477851 4957
5940576 4958
6240591 4959
5476039 4960
5012545 4961
5305378 4962
6847079 4963
5244368 4964
5339182 4965
5843789 4966
5591398 4967
5202697 4968
5398740 4969
5649238 4970
4296 4971
5388402 4972
16124 4973
6142701 4974
5465910 4975
5627885 4976
5458728 4977
6858087 4978
6370654 4979
6230893 4980
5618911 4981
6647705 4982
5739985 4983
5256454 4984
6718554 4985
5512778 4986
5000036 4987
5763498 4988
15456 4989
9444 4990
6319099 4991
5345561 4992
13828 4993
6842363 4994
6391496 4995
5684597 4996
6451601 4997
6476979 4998
10269 4999
6804844 5000
6218230 5001
5541331 5002
15956 5003
5092102 5004
15919 5005
5093274 5006
5018131 5007
5014020 5008
5092720 5009
6415414 5010
5531383 5011
5013077 5012
5223368 5013
5321219 5014
6887646 5015
5431846 5016
5348537 5017
5806883 5018
5217622 5019
6578529 5020
5228095 5021
18348 5022
5388489 5023
5723893 5024
5790513 5025
23151 5026
5688585 5027
6766749 5028
6894799 5029
6566254 5030
5678412 5031
5026309 5032
5078987 5033
20303 5034
5705974 5035
5399644 5036
6840867 5037
5431552 5038
5321778 5039
5022632 5040
5353653 5041
5216874 5042
6780554 5043
6650617 5044
5388630 5045
5095963 5046
6272721 5047
5022002 5048
11321 5049
5306198 5050
5289781 5051
5601533 5052
6499646 5053
5092666 5054
5019443 5055
5021134 5056
6599475 5057
6645 5058
5014835 5059
5504294 5060
8689 5061
5085330 5062
5629969 5063
5529944 5064
6808065 5065
5253014 5066
5360058 5067
6390462 5068
6604842 5069
5505471 5070
392 5071
5015524 5072
5585267 5073
5259809 5074
6345121 5075
5248858 5076
5574655 5077
5370612 5078
5430541 5079
5594987 5080
5365993 5081
5438273 5082
6855353 5083
5015930 5084
6201465 5085
19919 5086
5354319 5087
6457849 5088
5030683 5089
5196895 5090
5399031 5091
3728 5092
6776817 5093
5481862 5094
5055926 5095
5396060 5096
6431958 5097
22828 5098
6613988 5099
3662 5100
6786719 5101
6200059 5102
5035884 5103
5017713 5104
5092416 5105
6843584 5106
5001981 5107
6220051 5108
5077108 5109
6147083 5110
5570761 5111
5217504 5112
14028 5113
5021806 5114
5493503 5115
5478920 5116
5253694 5117
5026608 5118
5954703 5119
6505633 5120
5021534 5121
6860317 5122
5996826 5123
5280393 5124
5643477 5125
6704974 5126
5020702 5127
5522148 5128
20247 5129
5302157 5130
5630518 5131
20405 5132
6440730 5133
5292101 5134
9847 5135
5208003 5136
5497266 5137
5001215 5138
5208009 5139
5590045 5140
6852098 5141
5775277 5142
5066553 5143
5410477 5144
5246642 5145
6458724 5146
6392537 5147
5016539 5148
5102019 5149
5176835 5150
5567017 5151
5490390 5152
5017786 5153
5458358 5154
5696535 5155
5346201 5156
5023065 5157
6045725 5158
20105 5159
5015170 5160
5126918 5161
5641408 5162
5685507 5163
21921 5164
5020229 5165
5518249 5166
5020009 5167
6369907 5168
5439461 5169
5498409 5170
5717655 5171
5019681 5172
6817427 5173
5704818 5174
6205856 5175
15188 5176
6223576 5177
5856290 5178
5468490 5179
6405883 5180
5737052 5181
8622 5182
5413380 5183
6421242 5184
6441813 5185
5513145 5186
5653705 5187
6235354 5188
5461733 5189
5308666 5190
5791977 5191
5671476 5192
6892802 5193
6467283 5194
5302112 5195
5336820 5196
5414290 5197
5035770 5198
6023479 5199
5598968 5200
14088 5201
23227 5202
5208349 5203
10901 5204
5314148 5205
8127 5206
5003536 5207
5016207 5208
6773138 5209
6279796 5210
6292699 5211
5802996 5212
5026265 5213
6838363 5214
6821514 5215
5035704 5216
5203401 5217
5391158 5218
18607 5219
6240922 5220
5239863 5221
6825253 5222
5326686 5223
23657 5224
6217302 5225
6400153 5226
6694061 5227
6837147 5228
5594776 5229
5019429 5230
5081052 5231
5086045 5232
5691566 5233
5445609 5234
6870095 5235
5388171 5236
5414718 5237
16516 5238
6889871 5239
5715628 5240
5288301 5241
6563852 5242
5012030 5243
6796380 5244
5239422 5245
5461085 5246
5020415 5247
5096441 5248
5367431 5249
6152305 5250
6595127 5251
6825517 5252
6721437 5253
6739024 5254
5370041 5255
5259909 5256
6577383 5257
6239060 5258
5096967 5259
6427044 5260
5066417 5261
5586251 5262
6806997 5263
6845014 5264
5020737 5265
6209225 5266
5327036 5267
5093644 5268
6776727 5269
5749337 5270
5363217 5271
6498222 5272
5565406 5273
5640855 5274
5318418 5275
5096023 5276
6568096 5277
6862666 5278
11330 5279
5276607 5280
6866941 5281
1200 5282
5477966 5283
5263670 5284
5000565 5285
10970 5286
5326704 5287
6171387 5288
5239398 5289
5016107 5290
5040631 5291
5741004 5292
5555002 5293
6889199 5294
5013183 5295
6433073 5296
2122 5297
6744076 5298
5019962 5299
5422029 5300
5403217 5301
5076519 5302
6836079 5303
6691263 5304
5708728 5305
5011882 5306
6557158 5307
5708725 5308
5000212 5309
5001533 5310
5442277 5311
6634785 5312
5021187 5313
6869626 5314
5709308 5315
5202234 5316
5617609 5317
5003082 5318
5617685 5319
6505713 5320
6445472 5321
5453819 5322
5806017 5323
5241490 5324
5018904 5325
5239633 5326
5078622 5327
5397014 5328
6853604 5329
5350681 5330
5421505 5331
5307106 5332
5065965 5333
6828030 5334
6783151 5335
5003321 5336
5021441 5337
5587104 5338
5263633 5339
5332498 5340
5697497 5341
5778285 5342
5291620 5343
5016292 5344
5354447 5345
18557 5346
5569927 5347
5026836 5348
5019129 5349
6874193 5350
5721368 5351
6460377 5352
10234 5353
5409196 5354
5375119 5355
6752042 5356
5241613 5357
6636 5358
6264172 5359
6208369 5360
5022514 5361
5096109 5362
5239178 5363
14261 5364
6853663 5365
22676 5366
5018641 5367
4888 5368
6772013 5369
5777098 5370
5022855 5371
5374849 5372
5036009 5373
5328566 5374
5394429 5375
5212129 5376
5531679 5377
1931 5378
6839320 5379
6656440 5380
6209040 5381
5955113 5382
6546379 5383
5241016 5384
5463704 5385
5017449 5386
7645 5387
5013235 5388
5657574 5389
5136806 5390
5296539 5391
6216822 5392
5652350 5393
6846862 5394
6614632 5395
22708 5396
5281561 5397
5295841 5398
5248079 5399
5488121 5400
5388673 5401
6704536 5402
2649 5403
12154 5404
12515 5405
5664377 5406
3228 5407
5022505 5408
5021241 5409
5808418 5410
7052 5411
13777 5412
23269 5413
16795 5414
5096309 5415
5287742 5416
5040677 5417
5040857 5418
5217273 5419
6829986 5420
4944 5421
6824627 5422
6578252 5423
13614 5424
5018302 5425
5021015 5426
5381098 5427
5352586 5428
5333339 5429
6526404 5430
6824727 5431
5025693 5432
5975369 5433
8278 5434
5093049 5435
5359533 5436
5093416 5437
5405829 5438
5244976 5439
5368753 5440
5312055 5441
5035592 5442
5611165 5443
5649204 5444
5427407 5445
5027426 5446
5016621 5447
6689878 5448
5424556 5449
14741 5450
5850733 5451
5296600 5452
22419 5453
5003661 5454
6399658 5455
6797137 5456
5022914 5457
5202537 5458
6675827 5459
5161865 5460
22538 5461
5066400 5462
5536559 5463
6377619 5464
5393063 5465
5280195 5466
5002819 5467
5253479 5468
5500859 5469
5202674 5470
5202404 5471
5677349 5472
5492136 5473
5066685 5474
5207862 5475
6799728 5476
6793897 5477
18736 5478
6834688 5479
6802070 5480
5280984 5481
5587509 5482
6838583 5483
5351312 5484
5840709 5485
5302637 5486
5217262 5487
5731546 5488
5314908 5489
6484083 5490
6241666 5491
6563686 5492
6256267 5493
6401477 5494
6443355 5495
6844462 5496
5612594 5497
5621040 5498
5078395 5499
6474501 5500
5244400 5501
5359149 5502
6626 5503
846 5504
5251629 5505
6860964 5506
5020168 5507
6609304 5508
5012034 5509
5321434 5510
5011992 5511
8601 5512
5767580 5513
5762857 5514
5332242 5515
5016916 5516
6786803 5517
6399767 5518
5370902 5519
5409284 5520
6279558 5521
6850640 5522
5201921 5523
5414890 5524
18451 5525
6637760 5526
6513143 5527
5573787 5528
5035866 5529
3807 5530
9550 5531
5021968 5532
5389966 5533
5011974 5534
5241222 5535
5019667 5536
5385483 5537
5287913 5538
5093561 5539
6231301 5540
5055890 5541
6740367 5542
5813728 5543
5632940 5544
6571765 5545
5603837 5546
3595 5547
6589731 5548
5258046 5549
5248967 5550
16691 5551
5479120 5552
5554903 5553
5336655 5554
5247264 5555
5027583 5556
5085508 5557
5365485 5558
5196889 5559
6497985 5560
5092598 5561
6302296 5562
18774 5563
5631644 5564
5014365 5565
5457194 5566
5474744 5567
6204374 5568
5245893 5569
6243758 5570
6450084 5571
5704147 5572
5003707 5573
14276 5574
5330693 5575
5156801 5576
5076590 5577
6439469 5578
6198209 5579
5363079 5580
5534020 5581
5014543 5582
6390594 5583
5268714 5584
6841498 5585
5526449 5586
5080817 5587
6463202 5588
5015313 5589
5017580 5590
5399200 5591
12791 5592
5384705 5593
5809967 5594
5819126 5595
5080915 5596
5617632 5597
5250720 5598
6197476 5599
6175817 5600
5577923 5601
5015466 5602
5576957 5603
5013036 5604
5247579 5605
5252413 5606
5345097 5607
5017555 5608
5695935 5609
5580790 5610
6213213 5611
5202751 5612
6231317 5613
5000728 5614
5921889 5615
5035585 5616
5350282 5617
5372295 5618
5488089 5619
5018725 5620
5570309 5621
6225 5622
5365839 5623
8132 5624
5022690 5625
5211848 5626
5522369 5627
2909 5628
19013 5629
5505263 5630
6206967 5631
5256051 5632
5085331 5633
6346845 5634
6465383 5635
5208276 5636
6633977 5637
6806114 5638
6284670 5639
2394 5640
5217789 5641
5022357 5642
5027140 5643
5019792 5644
5550111 5645
5017406 5646
6412105 5647
6849372 5648
5093607 5649
17765 5650
5015901 5651
10900 5652
6628899 5653
6017016 5654
5207600 5655
6178104 5656
5001388 5657
6843380 5658
5202252 5659
4464 5660
5606654 5661
6348560 5662
5025517 5663
6779355 5664
5201835 5665
6699290 5666
6615631 5667
5256544 5668
6285146 5669
5020866 5670
5021636 5671
6433941 5672
17535 5673
5095882 5674
6303011 5675
6449840 5676
5085710 5677
6642528 5678
5002560 5679
6648383 5680
6214353 5681
6355444 5682
5315981 5683
5096273 5684
5002214 5685
5513210 5686
5066097 5687
5700813 5688
23190 5689
6573768 5690
5286993 5691
5240710 5692
6823885 5693
5018990 5694
6454624 5695
5349831 5696
5521976 5697
5752942 5698
6506371 5699
5254109 5700
15848 5701
5454129 5702
17253 5703
5262664 5704
5551598 5705
5796301 5706
6189347 5707
5534154 5708
6883119 5709
6140144 5710
5632942 5711
15415 5712
5646482 5713
6316362 5714
5455082 5715
6796495 5716
5608325 5717
5013840 5718
5690134 5719
5800732 5720
5551643 5721
5378480 5722
5019360 5723
6472762 5724
5360479 5725
5536090 5726
5343786 5727
5003697 5728
5372794 5729
2256 5730
5635531 5731
6394676 5732
5746505 5733
6580445 5734
5439020 5735
9532 5736
6298647 5737
5243893 5738
6558106 5739
6210239 5740
6429325 5741
5078850 5742
6263 5743
6368328 5744
5309048 5745
5284761 5746
5012275 5747
5758959 5748
5429396 5749
5001293 5750
5093539 5751
5808630 5752
5202790 5753
5370591 5754
6551921 5755
6879769 5756
5951378 5757
5297295 5758
5327084 5759
5480853 5760
6424785 5761
5348863 5762
6887156 5763
5091987 5764
5588010 5765
6642452 5766
5501706 5767
1420 5768
6802768 5769
5782965 5770
5020422 5771
6524523 5772
5654040 5773
5946 5774
5311794 5775
5254759 5776
5429841 5777
6443867 5778
5093778 5779
5161860 5780
6789981 5781
5397837 5782
5022839 5783
5018288 5784
